7001 0 FW13-e001 40
7001 0 FW13-e002 8
7001 0 FW13-e004 0
7001 0 FW13-e010 18
7001 0 FW13-e011 35
7001 0 FW13-e012 0
7001 0 FW13-e013 45
7001 0 FW13-e014 0
7001 0 FW13-e016 0
7001 0 FW13-e019 0
7001 0 FW13-e021 0
7001 0 FW13-e022 15
7001 0 FW13-e023 28
7001 0 FW13-e026 8
7001 0 FW13-e029 35
7001 0 FW13-e030 0
7001 0 FW13-e034 5
7001 0 FW13-e041 0
7001 0 FW13-e042 18
7001 0 FW13-e044 0
7001 0 FW13-e045 0
7001 0 FW13-e047 0
7001 0 FW13-e049 0
7001 0 FW13-e050 0
7001 0 FW13-e052 33
7001 0 FW13-e055 90
7001 0 FW13-e057 25
7001 0 FW13-e062 13
7001 0 FW13-e063 0
7001 0 FW13-e066 0
7001 0 FW13-e086 0
7001 0 FW13-e087 0
7001 0 FW13-e088 38
7001 0 FW13-e091 0
7001 0 FW13-e095 0
7001 0 FW13-e098 10
7001 0 FW13-e101 5
7001 0 FW13-e103 5
7001 0 FW13-e107 28
7001 0 FW13-e109 0
7001 0 FW13-e113 0
7001 0 FW13-e114 3
7001 0 FW13-e118 0
7001 0 FW13-e123 10
7001 0 FW13-e128 0
7001 0 FW13-e129 0
7001 0 FW13-e132 50
7001 0 FW13-e133 0
7001 0 FW13-e134 3
7001 0 FW13-e140 20
7001 0 FW13-e141 0
7001 0 FW13-e143 3
7001 0 FW13-e146 3
7001 0 FW13-e148 0
7001 0 FW13-e156 5
7001 0 FW13-e162 0
7001 0 FW13-e166 0
7001 0 FW13-e167 18
7001 0 FW13-e171 18
7001 0 FW13-e174 3
7001 0 FW13-e175 33
7001 0 FW13-e176 15
7001 0 FW13-e179 0
7001 0 FW13-e182 5
7001 0 FW13-e184 0
7001 0 FW13-e185 55
7001 0 FW13-e200 35
7003 0 FW13-e002 0
7003 0 FW13-e004 30
7003 0 FW13-e006 15
7003 0 FW13-e007 20
7003 0 FW13-e009 3
7003 0 FW13-e010 33
7003 0 FW13-e012 0
7003 0 FW13-e013 28
7003 0 FW13-e014 0
7003 0 FW13-e016 28
7003 0 FW13-e017 28
7003 0 FW13-e019 0
7003 0 FW13-e020 0
7003 0 FW13-e021 28
7003 0 FW13-e022 23
7003 0 FW13-e023 33
7003 0 FW13-e025 8
7003 0 FW13-e026 35
7003 0 FW13-e027 0
7003 0 FW13-e028 18
7003 0 FW13-e029 18
7003 0 FW13-e030 13
7003 0 FW13-e032 0
7003 0 FW13-e033 3
7003 0 FW13-e034 40
7003 0 FW13-e037 5
7003 0 FW13-e039 0
7003 0 FW13-e041 0
7003 0 FW13-e044 0
7003 0 FW13-e045 0
7003 0 FW13-e047 0
7003 0 FW13-e049 0
7003 0 FW13-e050 38
7003 0 FW13-e052 38
7003 0 FW13-e055 33
7003 0 FW13-e057 23
7003 0 FW13-e062 35
7003 0 FW13-e063 33
7003 0 FW13-e064 5
7003 0 FW13-e065 3
7003 0 FW13-e066 38
7003 0 FW13-e067 33
7003 0 FW13-e068 28
7003 0 FW13-e070 20
7003 0 FW13-e071 25
7003 0 FW13-e072 0
7003 0 FW13-e075 0
7003 0 FW13-e076 38
7003 0 FW13-e079 0
7003 0 FW13-e080 0
7003 0 FW13-e085 0
7003 0 FW13-e086 0
7003 0 FW13-e087 0
7003 0 FW13-e091 0
7003 0 FW13-e095 0
7003 0 FW13-e098 43
7003 0 FW13-e100 0
7003 0 FW13-e101 25
7003 0 FW13-e102 10
7003 0 FW13-e103 20
7003 0 FW13-e104 3
7003 0 FW13-e109 18
7003 0 FW13-e110 0
7003 0 FW13-e113 10
7003 0 FW13-e114 8
7003 0 FW13-e115 0
7003 0 FW13-e117 0
7003 0 FW13-e118 0
7003 0 FW13-e121 5
7003 0 FW13-e122 15
7003 0 FW13-e123 20
7003 0 FW13-e124 23
7003 0 FW13-e128 13
7003 0 FW13-e129 13
7003 0 FW13-e130 10
7003 0 FW13-e132 50
7003 0 FW13-e133 0
7003 0 FW13-e134 10
7003 0 FW13-e140 25
7003 0 FW13-e143 33
7003 0 FW13-e144 8
7003 0 FW13-e145 15
7003 0 FW13-e146 0
7003 0 FW13-e147 5
7003 0 FW13-e148 5
7003 0 FW13-e153 20
7003 0 FW13-e154 0
7003 0 FW13-e156 0
7003 0 FW13-e162 0
7003 0 FW13-e166 0
7003 0 FW13-e167 0
7003 0 FW13-e169 0
7003 0 FW13-e170 0
7003 0 FW13-e171 0
7003 0 FW13-e172 0
7003 0 FW13-e174 28
7003 0 FW13-e175 40
7003 0 FW13-e176 23
7003 0 FW13-e178 8
7003 0 FW13-e179 5
7003 0 FW13-e181 10
7003 0 FW13-e182 23
7003 0 FW13-e184 25
7003 0 FW13-e185 50
7003 0 FW13-e200 48
7004 0 FW13-e001 0
7004 0 FW13-e002 0
7004 0 FW13-e003 0
7004 0 FW13-e004 0
7004 0 FW13-e005 0
7004 0 FW13-e007 3
7004 0 FW13-e010 0
7004 0 FW13-e011 10
7004 0 FW13-e012 0
7004 0 FW13-e013 0
7004 0 FW13-e016 0
7004 0 FW13-e017 0
7004 0 FW13-e018 0
7004 0 FW13-e019 0
7004 0 FW13-e021 0
7004 0 FW13-e022 15
7004 0 FW13-e023 13
7004 0 FW13-e025 13
7004 0 FW13-e026 10
7004 0 FW13-e027 0
7004 0 FW13-e028 0
7004 0 FW13-e029 0
7004 0 FW13-e030 0
7004 0 FW13-e032 0
7004 0 FW13-e033 0
7004 0 FW13-e034 10
7004 0 FW13-e037 0
7004 0 FW13-e041 0
7004 0 FW13-e044 0
7004 0 FW13-e045 0
7004 0 FW13-e048 0
7004 0 FW13-e049 0
7004 0 FW13-e050 0
7004 0 FW13-e052 8
7004 0 FW13-e055 0
7004 0 FW13-e057 10
7004 0 FW13-e062 10
7004 0 FW13-e063 0
7004 0 FW13-e066 0
7004 0 FW13-e071 0
7004 0 FW13-e076 0
7004 0 FW13-e079 0
7004 0 FW13-e080 0
7004 0 FW13-e083 0
7004 0 FW13-e085 0
7004 0 FW13-e088 23
7004 0 FW13-e095 0
7004 0 FW13-e098 8
7004 0 FW13-e100 0
7004 0 FW13-e101 0
7004 0 FW13-e102 0
7004 0 FW13-e103 0
7004 0 FW13-e107 8
7004 0 FW13-e109 0
7004 0 FW13-e110 0
7004 0 FW13-e112 0
7004 0 FW13-e113 3
7004 0 FW13-e114 10
7004 0 FW13-e117 3
7004 0 FW13-e119 0
7004 0 FW13-e122 3
7004 0 FW13-e123 20
7004 0 FW13-e124 0
7004 0 FW13-e126 0
7004 0 FW13-e127 0
7004 0 FW13-e128 0
7004 0 FW13-e129 10
7004 0 FW13-e130 3
7004 0 FW13-e131 0
7004 0 FW13-e132 35
7004 0 FW13-e134 0
7004 0 FW13-e138 0
7004 0 FW13-e140 0
7004 0 FW13-e141 0
7004 0 FW13-e143 0
7004 0 FW13-e145 0
7004 0 FW13-e146 0
7004 0 FW13-e147 0
7004 0 FW13-e148 0
7004 0 FW13-e153 0
7004 0 FW13-e156 0
7004 0 FW13-e157 0
7004 0 FW13-e158 0
7004 0 FW13-e159 0
7004 0 FW13-e162 0
7004 0 FW13-e168 0
7004 0 FW13-e169 0
7004 0 FW13-e171 0
7004 0 FW13-e172 0
7004 0 FW13-e174 0
7004 0 FW13-e175 20
7004 0 FW13-e176 23
7004 0 FW13-e179 0
7004 0 FW13-e182 0
7004 0 FW13-e184 0
7004 0 FW13-e185 35
7004 0 FW13-e200 5
7007 0 FW13-e002 0
7007 0 FW13-e004 0
7007 0 FW13-e011 0
7007 0 FW13-e012 0
7007 0 FW13-e013 0
7007 0 FW13-e016 0
7007 0 FW13-e021 20
7007 0 FW13-e022 25
7007 0 FW13-e023 23
7007 0 FW13-e026 23
7007 0 FW13-e027 0
7007 0 FW13-e029 28
7007 0 FW13-e030 0
7007 0 FW13-e033 0
7007 0 FW13-e034 18
7007 0 FW13-e038 3
7007 0 FW13-e039 3
7007 0 FW13-e041 0
7007 0 FW13-e042 0
7007 0 FW13-e043 0
7007 0 FW13-e044 0
7007 0 FW13-e045 0
7007 0 FW13-e047 0
7007 0 FW13-e049 0
7007 0 FW13-e050 18
7007 0 FW13-e052 25
7007 0 FW13-e055 28
7007 0 FW13-e057 28
7007 0 FW13-e062 5
7007 0 FW13-e066 0
7007 0 FW13-e070 0
7007 0 FW13-e071 0
7007 0 FW13-e076 0
7007 0 FW13-e085 0
7007 0 FW13-e086 0
7007 0 FW13-e087 5
7007 0 FW13-e088 53
7007 0 FW13-e091 0
7007 0 FW13-e095 0
7007 0 FW13-e098 3
7007 0 FW13-e101 5
7007 0 FW13-e103 0
7007 0 FW13-e104 0
7007 0 FW13-e107 15
7007 0 FW13-e109 0
7007 0 FW13-e114 5
7007 0 FW13-e118 0
7007 0 FW13-e123 5
7007 0 FW13-e128 0
7007 0 FW13-e129 0
7007 0 FW13-e132 25
7007 0 FW13-e133 0
7007 0 FW13-e140 8
7007 0 FW13-e141 0
7007 0 FW13-e143 5
7007 0 FW13-e146 5
7007 0 FW13-e147 0
7007 0 FW13-e148 3
7007 0 FW13-e153 5
7007 0 FW13-e156 0
7007 0 FW13-e162 0
7007 0 FW13-e166 0
7007 0 FW13-e167 0
7007 0 FW13-e172 0
7007 0 FW13-e174 8
7007 0 FW13-e175 57
7007 0 FW13-e176 33
7007 0 FW13-e179 0
7007 0 FW13-e182 33
7007 0 FW13-e184 0
7007 0 FW13-e185 30
7009 0 FW13-e002 0
7009 0 FW13-e004 0
7009 0 FW13-e008 0
7009 0 FW13-e009 0
7009 0 FW13-e011 0
7009 0 FW13-e012 0
7009 0 FW13-e013 0
7009 0 FW13-e014 0
7009 0 FW13-e016 0
7009 0 FW13-e017 0
7009 0 FW13-e021 0
7009 0 FW13-e022 0
7009 0 FW13-e023 10
7009 0 FW13-e024 0
7009 0 FW13-e026 0
7009 0 FW13-e027 0
7009 0 FW13-e029 0
7009 0 FW13-e033 0
7009 0 FW13-e034 0
7009 0 FW13-e041 0
7009 0 FW13-e044 0
7009 0 FW13-e045 0
7009 0 FW13-e049 0
7009 0 FW13-e050 0
7009 0 FW13-e052 50
7009 0 FW13-e055 0
7009 0 FW13-e057 10
7009 0 FW13-e062 13
7009 0 FW13-e063 0
7009 0 FW13-e066 0
7009 0 FW13-e067 0
7009 0 FW13-e070 0
7009 0 FW13-e072 0
7009 0 FW13-e075 0
7009 0 FW13-e077 0
7009 0 FW13-e078 0
7009 0 FW13-e079 0
7009 0 FW13-e080 0
7009 0 FW13-e085 0
7009 0 FW13-e086 0
7009 0 FW13-e087 0
7009 0 FW13-e088 40
7009 0 FW13-e091 0
7009 0 FW13-e095 0
7009 0 FW13-e099 0
7009 0 FW13-e101 0
7009 0 FW13-e102 0
7009 0 FW13-e103 0
7009 0 FW13-e104 0
7009 0 FW13-e107 0
7009 0 FW13-e109 0
7009 0 FW13-e110 30
7009 0 FW13-e111 0
7009 0 FW13-e112 0
7009 0 FW13-e113 0
7009 0 FW13-e114 0
7009 0 FW13-e118 0
7009 0 FW13-e121 0
7009 0 FW13-e122 0
7009 0 FW13-e123 5
7009 0 FW13-e124 0
7009 0 FW13-e126 0
7009 0 FW13-e128 0
7009 0 FW13-e129 0
7009 0 FW13-e130 0
7009 0 FW13-e131 0
7009 0 FW13-e132 43
7009 0 FW13-e134 0
7009 0 FW13-e140 0
7009 0 FW13-e141 0
7009 0 FW13-e143 0
7009 0 FW13-e146 0
7009 0 FW13-e148 0
7009 0 FW13-e153 0
7009 0 FW13-e154 0
7009 0 FW13-e156 0
7009 0 FW13-e157 0
7009 0 FW13-e158 0
7009 0 FW13-e159 0
7009 0 FW13-e161 0
7009 0 FW13-e162 0
7009 0 FW13-e166 0
7009 0 FW13-e167 0
7009 0 FW13-e169 0
7009 0 FW13-e171 0
7009 0 FW13-e172 0
7009 0 FW13-e174 0
7009 0 FW13-e175 20
7009 0 FW13-e176 10
7009 0 FW13-e178 0
7009 0 FW13-e179 0
7009 0 FW13-e181 0
7009 0 FW13-e182 0
7009 0 FW13-e184 0
7009 0 FW13-e185 43
7009 0 FW13-e200 43
7018 0 FW13-e002 0
7018 0 FW13-e004 0
7018 0 FW13-e005 0
7018 0 FW13-e019 0
7018 0 FW13-e021 0
7018 0 FW13-e022 0
7018 0 FW13-e023 18
7018 0 FW13-e026 0
7018 0 FW13-e027 0
7018 0 FW13-e029 13
7018 0 FW13-e034 0
7018 0 FW13-e041 0
7018 0 FW13-e043 0
7018 0 FW13-e044 0
7018 0 FW13-e045 0
7018 0 FW13-e047 0
7018 0 FW13-e049 0
7018 0 FW13-e050 0
7018 0 FW13-e052 33
7018 0 FW13-e055 35
7018 0 FW13-e057 20
7018 0 FW13-e062 5
7018 0 FW13-e066 0
7018 0 FW13-e071 0
7018 0 FW13-e085 0
7018 0 FW13-e086 0
7018 0 FW13-e087 0
7018 0 FW13-e088 30
7018 0 FW13-e091 0
7018 0 FW13-e095 0
7018 0 FW13-e101 0
7018 0 FW13-e109 0
7018 0 FW13-e118 0
7018 0 FW13-e123 0
7018 0 FW13-e129 0
7018 0 FW13-e132 57
7018 0 FW13-e133 0
7018 0 FW13-e140 28
7018 0 FW13-e141 0
7018 0 FW13-e143 3
7018 0 FW13-e146 10
7018 0 FW13-e147 0
7018 0 FW13-e148 0
7018 0 FW13-e156 0
7018 0 FW13-e162 0
7018 0 FW13-e166 0
7018 0 FW13-e167 0
7018 0 FW13-e174 0
7018 0 FW13-e175 35
7018 0 FW13-e176 0
7018 0 FW13-e179 0
7018 0 FW13-e182 3
7018 0 FW13-e185 55
7018 0 FW13-e200 38
7025 0 FW13-e001 5
7025 0 FW13-e002 0
7025 0 FW13-e004 25
7025 0 FW13-e007 10
7025 0 FW13-e009 0
7025 0 FW13-e010 25
7025 0 FW13-e011 0
7025 0 FW13-e012 0
7025 0 FW13-e013 25
7025 0 FW13-e015 3
7025 0 FW13-e016 0
7025 0 FW13-e019 0
7025 0 FW13-e022 10
7025 0 FW13-e023 15
7025 0 FW13-e026 0
7025 0 FW13-e027 0
7025 0 FW13-e028 5
7025 0 FW13-e029 18
7025 0 FW13-e030 0
7025 0 FW13-e032 0
7025 0 FW13-e033 0
7025 0 FW13-e034 25
7025 0 FW13-e036 0
7025 0 FW13-e037 0
7025 0 FW13-e041 0
7025 0 FW13-e042 0
7025 0 FW13-e044 0
7025 0 FW13-e045 0
7025 0 FW13-e049 0
7025 0 FW13-e050 0
7025 0 FW13-e052 10
7025 0 FW13-e057 5
7025 0 FW13-e062 13
7025 0 FW13-e066 0
7025 0 FW13-e067 0
7025 0 FW13-e071 0
7025 0 FW13-e076 0
7025 0 FW13-e085 0
7025 0 FW13-e087 0
7025 0 FW13-e088 38
7025 0 FW13-e095 0
7025 0 FW13-e098 0
7025 0 FW13-e101 0
7025 0 FW13-e102 0
7025 0 FW13-e109 0
7025 0 FW13-e112 0
7025 0 FW13-e114 0
7025 0 FW13-e118 0
7025 0 FW13-e123 3
7025 0 FW13-e124 0
7025 0 FW13-e127 0
7025 0 FW13-e128 0
7025 0 FW13-e129 3
7025 0 FW13-e130 0
7025 0 FW13-e131 0
7025 0 FW13-e132 28
7025 0 FW13-e140 5
7025 0 FW13-e141 0
7025 0 FW13-e143 0
7025 0 FW13-e145 5
7025 0 FW13-e146 0
7025 0 FW13-e148 0
7025 0 FW13-e153 0
7025 0 FW13-e157 0
7025 0 FW13-e160 0
7025 0 FW13-e167 0
7025 0 FW13-e171 23
7025 0 FW13-e172 0
7025 0 FW13-e175 43
7025 0 FW13-e176 10
7025 0 FW13-e179 0
7025 0 FW13-e182 5
7025 0 FW13-e184 0
7025 0 FW13-e185 28
7025 0 FW13-e200 30
7030 0 FW13-e002 0
7030 0 FW13-e005 0
7030 0 FW13-e017 0
7030 0 FW13-e018 0
7030 0 FW13-e019 0
7030 0 FW13-e021 0
7030 0 FW13-e022 0
7030 0 FW13-e023 25
7030 0 FW13-e026 10
7030 0 FW13-e029 0
7030 0 FW13-e034 0
7030 0 FW13-e041 0
7030 0 FW13-e042 0
7030 0 FW13-e044 0
7030 0 FW13-e045 0
7030 0 FW13-e049 0
7030 0 FW13-e052 28
7030 0 FW13-e055 13
7030 0 FW13-e057 0
7030 0 FW13-e062 30
7030 0 FW13-e066 0
7030 0 FW13-e085 0
7030 0 FW13-e086 0
7030 0 FW13-e087 0
7030 0 FW13-e088 53
7030 0 FW13-e091 0
7030 0 FW13-e095 0
7030 0 FW13-e103 0
7030 0 FW13-e113 0
7030 0 FW13-e114 0
7030 0 FW13-e118 0
7030 0 FW13-e122 0
7030 0 FW13-e123 0
7030 0 FW13-e129 0
7030 0 FW13-e130 10
7030 0 FW13-e132 53
7030 0 FW13-e133 0
7030 0 FW13-e140 0
7030 0 FW13-e143 0
7030 0 FW13-e146 0
7030 0 FW13-e147 0
7030 0 FW13-e148 0
7030 0 FW13-e152 0
7030 0 FW13-e153 0
7030 0 FW13-e154 0
7030 0 FW13-e162 0
7030 0 FW13-e166 0
7030 0 FW13-e167 0
7030 0 FW13-e174 0
7030 0 FW13-e175 63
7030 0 FW13-e176 3
7030 0 FW13-e179 0
7030 0 FW13-e182 0
7030 0 FW13-e184 0
7030 0 FW13-e185 53
7030 0 FW13-e200 60
7033 0 FW13-e001 0
7033 0 FW13-e002 0
7033 0 FW13-e003 0
7033 0 FW13-e004 0
7033 0 FW13-e006 0
7033 0 FW13-e007 0
7033 0 FW13-e008 0
7033 0 FW13-e009 0
7033 0 FW13-e010 0
7033 0 FW13-e012 0
7033 0 FW13-e013 0
7033 0 FW13-e014 0
7033 0 FW13-e015 0
7033 0 FW13-e016 0
7033 0 FW13-e017 0
7033 0 FW13-e018 0
7033 0 FW13-e019 0
7033 0 FW13-e020 0
7033 0 FW13-e021 0
7033 0 FW13-e022 13
7033 0 FW13-e023 10
7033 0 FW13-e025 3
7033 0 FW13-e026 3
7033 0 FW13-e027 0
7033 0 FW13-e028 0
7033 0 FW13-e029 0
7033 0 FW13-e030 0
7033 0 FW13-e032 0
7033 0 FW13-e033 0
7033 0 FW13-e034 5
7033 0 FW13-e037 0
7033 0 FW13-e038 0
7033 0 FW13-e039 0
7033 0 FW13-e041 0
7033 0 FW13-e042 0
7033 0 FW13-e044 0
7033 0 FW13-e045 0
7033 0 FW13-e049 0
7033 0 FW13-e050 35
7033 0 FW13-e052 10
7033 0 FW13-e055 10
7033 0 FW13-e057 28
7033 0 FW13-e062 5
7033 0 FW13-e063 0
7033 0 FW13-e064 0
7033 0 FW13-e066 0
7033 0 FW13-e067 0
7033 0 FW13-e068 0
7033 0 FW13-e070 0
7033 0 FW13-e071 0
7033 0 FW13-e072 0
7033 0 FW13-e075 0
7033 0 FW13-e076 0
7033 0 FW13-e079 0
7033 0 FW13-e085 0
7033 0 FW13-e086 0
7033 0 FW13-e087 0
7033 0 FW13-e088 28
7033 0 FW13-e095 0
7033 0 FW13-e098 0
7033 0 FW13-e099 0
7033 0 FW13-e100 0
7033 0 FW13-e101 3
7033 0 FW13-e102 0
7033 0 FW13-e103 0
7033 0 FW13-e104 0
7033 0 FW13-e106 0
7033 0 FW13-e107 0
7033 0 FW13-e108 0
7033 0 FW13-e109 0
7033 0 FW13-e110 0
7033 0 FW13-e111 0
7033 0 FW13-e112 0
7033 0 FW13-e113 0
7033 0 FW13-e114 0
7033 0 FW13-e115 0
7033 0 FW13-e117 0
7033 0 FW13-e119 0
7033 0 FW13-e120 0
7033 0 FW13-e121 0
7033 0 FW13-e122 0
7033 0 FW13-e123 0
7033 0 FW13-e124 3
7033 0 FW13-e126 0
7033 0 FW13-e127 0
7033 0 FW13-e128 0
7033 0 FW13-e129 3
7033 0 FW13-e130 0
7033 0 FW13-e131 0
7033 0 FW13-e132 40
7033 0 FW13-e134 0
7033 0 FW13-e136 0
7033 0 FW13-e137 0
7033 0 FW13-e138 0
7033 0 FW13-e139 0
7033 0 FW13-e140 0
7033 0 FW13-e141 0
7033 0 FW13-e142 0
7033 0 FW13-e143 0
7033 0 FW13-e144 0
7033 0 FW13-e145 0
7033 0 FW13-e146 0
7033 0 FW13-e147 0
7033 0 FW13-e148 0
7033 0 FW13-e153 0
7033 0 FW13-e154 3
7033 0 FW13-e156 13
7033 0 FW13-e157 0
7033 0 FW13-e158 0
7033 0 FW13-e159 0
7033 0 FW13-e160 0
7033 0 FW13-e161 0
7033 0 FW13-e164 0
7033 0 FW13-e165 0
7033 0 FW13-e168 0
7033 0 FW13-e169 0
7033 0 FW13-e170 0
7033 0 FW13-e171 0
7033 0 FW13-e172 20
7033 0 FW13-e173 5
7033 0 FW13-e174 0
7033 0 FW13-e175 50
7033 0 FW13-e176 13
7033 0 FW13-e178 0
7033 0 FW13-e179 0
7033 0 FW13-e181 13
7033 0 FW13-e182 0
7033 0 FW13-e185 43
7033 0 FW13-e200 25
7034 0 FW13-e002 0
7034 0 FW13-e004 0
7034 0 FW13-e005 0
7034 0 FW13-e011 0
7034 0 FW13-e012 0
7034 0 FW13-e013 0
7034 0 FW13-e014 0
7034 0 FW13-e016 0
7034 0 FW13-e019 0
7034 0 FW13-e021 0
7034 0 FW13-e022 0
7034 0 FW13-e023 0
7034 0 FW13-e025 0
7034 0 FW13-e026 0
7034 0 FW13-e029 0
7034 0 FW13-e033 0
7034 0 FW13-e034 0
7034 0 FW13-e041 0
7034 0 FW13-e042 0
7034 0 FW13-e044 0
7034 0 FW13-e045 0
7034 0 FW13-e049 0
7034 0 FW13-e050 0
7034 0 FW13-e052 20
7034 0 FW13-e055 0
7034 0 FW13-e057 0
7034 0 FW13-e062 23
7034 0 FW13-e066 0
7034 0 FW13-e079 0
7034 0 FW13-e085 0
7034 0 FW13-e086 0
7034 0 FW13-e087 0
7034 0 FW13-e088 53
7034 0 FW13-e091 0
7034 0 FW13-e095 0
7034 0 FW13-e098 0
7034 0 FW13-e099 0
7034 0 FW13-e101 0
7034 0 FW13-e102 0
7034 0 FW13-e103 0
7034 0 FW13-e104 0
7034 0 FW13-e106 0
7034 0 FW13-e107 0
7034 0 FW13-e109 0
7034 0 FW13-e110 0
7034 0 FW13-e111 0
7034 0 FW13-e112 0
7034 0 FW13-e113 0
7034 0 FW13-e114 0
7034 0 FW13-e115 0
7034 0 FW13-e118 0
7034 0 FW13-e121 0
7034 0 FW13-e122 0
7034 0 FW13-e123 0
7034 0 FW13-e124 0
7034 0 FW13-e126 0
7034 0 FW13-e127 0
7034 0 FW13-e128 0
7034 0 FW13-e129 0
7034 0 FW13-e130 0
7034 0 FW13-e131 0
7034 0 FW13-e132 45
7034 0 FW13-e133 0
7034 0 FW13-e134 0
7034 0 FW13-e140 40
7034 0 FW13-e141 0
7034 0 FW13-e142 0
7034 0 FW13-e143 10
7034 0 FW13-e144 30
7034 0 FW13-e146 5
7034 0 FW13-e147 8
7034 0 FW13-e148 38
7034 0 FW13-e153 0
7034 0 FW13-e154 0
7034 0 FW13-e156 0
7034 0 FW13-e157 0
7034 0 FW13-e162 0
7034 0 FW13-e165 0
7034 0 FW13-e166 0
7034 0 FW13-e167 0
7034 0 FW13-e168 0
7034 0 FW13-e169 0
7034 0 FW13-e171 0
7034 0 FW13-e172 0
7034 0 FW13-e174 0
7034 0 FW13-e175 57
7034 0 FW13-e176 0
7034 0 FW13-e178 0
7034 0 FW13-e179 0
7034 0 FW13-e181 0
7034 0 FW13-e182 0
7034 0 FW13-e184 0
7034 0 FW13-e185 48
7034 0 FW13-e200 53
7039 0 FW13-e002 0
7039 0 FW13-e004 0
7039 0 FW13-e009 0
7039 0 FW13-e010 0
7039 0 FW13-e011 0
7039 0 FW13-e012 0
7039 0 FW13-e013 0
7039 0 FW13-e014 0
7039 0 FW13-e016 0
7039 0 FW13-e019 0
7039 0 FW13-e021 0
7039 0 FW13-e022 20
7039 0 FW13-e023 0
7039 0 FW13-e026 0
7039 0 FW13-e027 0
7039 0 FW13-e029 8
7039 0 FW13-e030 0
7039 0 FW13-e033 0
7039 0 FW13-e034 0
7039 0 FW13-e041 0
7039 0 FW13-e044 0
7039 0 FW13-e045 0
7039 0 FW13-e047 0
7039 0 FW13-e049 0
7039 0 FW13-e050 0
7039 0 FW13-e052 0
7039 0 FW13-e055 0
7039 0 FW13-e057 8
7039 0 FW13-e062 10
7039 0 FW13-e063 0
7039 0 FW13-e066 0
7039 0 FW13-e067 0
7039 0 FW13-e080 0
7039 0 FW13-e085 0
7039 0 FW13-e086 0
7039 0 FW13-e087 0
7039 0 FW13-e088 28
7039 0 FW13-e091 0
7039 0 FW13-e095 0
7039 0 FW13-e103 0
7039 0 FW13-e107 0
7039 0 FW13-e109 0
7039 0 FW13-e110 0
7039 0 FW13-e112 0
7039 0 FW13-e113 0
7039 0 FW13-e114 3
7039 0 FW13-e118 0
7039 0 FW13-e122 0
7039 0 FW13-e123 3
7039 0 FW13-e127 0
7039 0 FW13-e128 0
7039 0 FW13-e129 0
7039 0 FW13-e130 0
7039 0 FW13-e131 0
7039 0 FW13-e132 48
7039 0 FW13-e134 0
7039 0 FW13-e140 0
7039 0 FW13-e143 0
7039 0 FW13-e144 0
7039 0 FW13-e146 0
7039 0 FW13-e148 0
7039 0 FW13-e153 0
7039 0 FW13-e156 0
7039 0 FW13-e157 0
7039 0 FW13-e158 0
7039 0 FW13-e166 0
7039 0 FW13-e167 0
7039 0 FW13-e169 0
7039 0 FW13-e171 3
7039 0 FW13-e174 0
7039 0 FW13-e175 40
7039 0 FW13-e176 25
7039 0 FW13-e178 0
7039 0 FW13-e179 0
7039 0 FW13-e182 0
7039 0 FW13-e184 10
7039 0 FW13-e185 50
7040 0 FW13-e002 0
7040 0 FW13-e004 0
7040 0 FW13-e010 0
7040 0 FW13-e011 0
7040 0 FW13-e012 0
7040 0 FW13-e013 0
7040 0 FW13-e016 0
7040 0 FW13-e019 0
7040 0 FW13-e021 0
7040 0 FW13-e022 8
7040 0 FW13-e023 0
7040 0 FW13-e026 0
7040 0 FW13-e029 0
7040 0 FW13-e032 0
7040 0 FW13-e041 0
7040 0 FW13-e044 0
7040 0 FW13-e045 0
7040 0 FW13-e047 0
7040 0 FW13-e049 0
7040 0 FW13-e052 10
7040 0 FW13-e055 18
7040 0 FW13-e057 0
7040 0 FW13-e062 40
7040 0 FW13-e066 0
7040 0 FW13-e085 0
7040 0 FW13-e086 0
7040 0 FW13-e087 0
7040 0 FW13-e088 20
7040 0 FW13-e095 0
7040 0 FW13-e122 0
7040 0 FW13-e123 0
7040 0 FW13-e129 0
7040 0 FW13-e132 18
7040 0 FW13-e140 0
7040 0 FW13-e143 0
7040 0 FW13-e146 0
7040 0 FW13-e148 0
7040 0 FW13-e162 0
7040 0 FW13-e166 0
7040 0 FW13-e174 0
7040 0 FW13-e175 35
7040 0 FW13-e176 5
7040 0 FW13-e179 0
7040 0 FW13-e182 0
7040 0 FW13-e185 35
7040 0 FW13-e200 35
7042 0 FW13-e002 0
7042 0 FW13-e004 0
7042 0 FW13-e005 0
7042 0 FW13-e009 0
7042 0 FW13-e010 0
7042 0 FW13-e012 0
7042 0 FW13-e013 0
7042 0 FW13-e016 0
7042 0 FW13-e018 0
7042 0 FW13-e021 25
7042 0 FW13-e022 23
7042 0 FW13-e023 20
7042 0 FW13-e025 5
7042 0 FW13-e026 20
7042 0 FW13-e029 0
7042 0 FW13-e032 0
7042 0 FW13-e034 10
7042 0 FW13-e041 0
7042 0 FW13-e042 0
7042 0 FW13-e044 0
7042 0 FW13-e045 0
7042 0 FW13-e047 0
7042 0 FW13-e049 0
7042 0 FW13-e050 15
7042 0 FW13-e052 8
7042 0 FW13-e055 3
7042 0 FW13-e057 30
7042 0 FW13-e062 0
7042 0 FW13-e063 0
7042 0 FW13-e066 0
7042 0 FW13-e083 0
7042 0 FW13-e085 0
7042 0 FW13-e086 0
7042 0 FW13-e087 0
7042 0 FW13-e088 63
7042 0 FW13-e095 0
7042 0 FW13-e098 13
7042 0 FW13-e099 0
7042 0 FW13-e101 20
7042 0 FW13-e102 0
7042 0 FW13-e103 0
7042 0 FW13-e106 0
7042 0 FW13-e107 3
7042 0 FW13-e109 0
7042 0 FW13-e110 0
7042 0 FW13-e111 0
7042 0 FW13-e112 5
7042 0 FW13-e113 23
7042 0 FW13-e114 50
7042 0 FW13-e118 0
7042 0 FW13-e121 48
7042 0 FW13-e122 45
7042 0 FW13-e123 48
7042 0 FW13-e124 48
7042 0 FW13-e127 0
7042 0 FW13-e128 0
7042 0 FW13-e129 10
7042 0 FW13-e130 0
7042 0 FW13-e131 0
7042 0 FW13-e132 60
7042 0 FW13-e133 0
7042 0 FW13-e140 5
7042 0 FW13-e142 0
7042 0 FW13-e143 3
7042 0 FW13-e146 0
7042 0 FW13-e148 0
7042 0 FW13-e153 0
7042 0 FW13-e154 0
7042 0 FW13-e156 0
7042 0 FW13-e164 0
7042 0 FW13-e166 0
7042 0 FW13-e167 0
7042 0 FW13-e169 0
7042 0 FW13-e172 0
7042 0 FW13-e174 5
7042 0 FW13-e175 60
7042 0 FW13-e176 35
7042 0 FW13-e179 0
7042 0 FW13-e181 0
7042 0 FW13-e182 0
7042 0 FW13-e184 0
7042 0 FW13-e185 60
7042 0 FW13-e200 57
7046 0 FW13-e001 0
7046 0 FW13-e002 0
7046 0 FW13-e003 0
7046 0 FW13-e004 0
7046 0 FW13-e005 0
7046 0 FW13-e006 0
7046 0 FW13-e007 0
7046 0 FW13-e008 0
7046 0 FW13-e009 0
7046 0 FW13-e010 0
7046 0 FW13-e012 0
7046 0 FW13-e013 0
7046 0 FW13-e014 0
7046 0 FW13-e015 0
7046 0 FW13-e016 0
7046 0 FW13-e017 0
7046 0 FW13-e018 0
7046 0 FW13-e019 0
7046 0 FW13-e022 0
7046 0 FW13-e023 0
7046 0 FW13-e025 0
7046 0 FW13-e027 0
7046 0 FW13-e028 0
7046 0 FW13-e029 0
7046 0 FW13-e030 0
7046 0 FW13-e032 0
7046 0 FW13-e033 0
7046 0 FW13-e034 0
7046 0 FW13-e037 0
7046 0 FW13-e039 0
7046 0 FW13-e041 0
7046 0 FW13-e042 0
7046 0 FW13-e043 0
7046 0 FW13-e044 0
7046 0 FW13-e045 0
7046 0 FW13-e047 0
7046 0 FW13-e049 0
7046 0 FW13-e050 0
7046 0 FW13-e052 10
7046 0 FW13-e055 0
7046 0 FW13-e057 0
7046 0 FW13-e062 0
7046 0 FW13-e063 0
7046 0 FW13-e064 0
7046 0 FW13-e066 0
7046 0 FW13-e067 0
7046 0 FW13-e070 0
7046 0 FW13-e072 0
7046 0 FW13-e076 0
7046 0 FW13-e085 0
7046 0 FW13-e086 0
7046 0 FW13-e087 0
7046 0 FW13-e088 0
7046 0 FW13-e091 0
7046 0 FW13-e092 0
7046 0 FW13-e095 0
7046 0 FW13-e098 0
7046 0 FW13-e100 0
7046 0 FW13-e101 0
7046 0 FW13-e102 0
7046 0 FW13-e103 0
7046 0 FW13-e104 0
7046 0 FW13-e106 0
7046 0 FW13-e107 0
7046 0 FW13-e109 0
7046 0 FW13-e110 0
7046 0 FW13-e111 0
7046 0 FW13-e112 0
7046 0 FW13-e113 0
7046 0 FW13-e114 0
7046 0 FW13-e115 0
7046 0 FW13-e117 0
7046 0 FW13-e118 0
7046 0 FW13-e119 0
7046 0 FW13-e121 0
7046 0 FW13-e122 0
7046 0 FW13-e123 0
7046 0 FW13-e124 0
7046 0 FW13-e127 0
7046 0 FW13-e128 0
7046 0 FW13-e129 0
7046 0 FW13-e130 0
7046 0 FW13-e131 0
7046 0 FW13-e132 20
7046 0 FW13-e133 0
7046 0 FW13-e134 0
7046 0 FW13-e136 0
7046 0 FW13-e137 0
7046 0 FW13-e140 35
7046 0 FW13-e142 0
7046 0 FW13-e143 33
7046 0 FW13-e144 0
7046 0 FW13-e145 0
7046 0 FW13-e146 30
7046 0 FW13-e148 0
7046 0 FW13-e153 0
7046 0 FW13-e154 0
7046 0 FW13-e156 0
7046 0 FW13-e157 0
7046 0 FW13-e158 0
7046 0 FW13-e161 0
7046 0 FW13-e162 0
7046 0 FW13-e164 0
7046 0 FW13-e165 0
7046 0 FW13-e166 0
7046 0 FW13-e167 0
7046 0 FW13-e169 0
7046 0 FW13-e171 0
7046 0 FW13-e172 0
7046 0 FW13-e174 0
7046 0 FW13-e175 0
7046 0 FW13-e176 0
7046 0 FW13-e178 0
7046 0 FW13-e179 0
7046 0 FW13-e181 0
7046 0 FW13-e182 0
7046 0 FW13-e184 0
7046 0 FW13-e185 40
7047 0 FW13-e001 0
7047 0 FW13-e002 0
7047 0 FW13-e003 0
7047 0 FW13-e004 0
7047 0 FW13-e007 0
7047 0 FW13-e008 0
7047 0 FW13-e010 0
7047 0 FW13-e011 0
7047 0 FW13-e013 0
7047 0 FW13-e014 0
7047 0 FW13-e016 0
7047 0 FW13-e017 0
7047 0 FW13-e021 0
7047 0 FW13-e022 8
7047 0 FW13-e023 8
7047 0 FW13-e026 0
7047 0 FW13-e027 0
7047 0 FW13-e028 0
7047 0 FW13-e029 0
7047 0 FW13-e030 0
7047 0 FW13-e032 0
7047 0 FW13-e033 0
7047 0 FW13-e034 30
7047 0 FW13-e037 63
7047 0 FW13-e041 0
7047 0 FW13-e044 0
7047 0 FW13-e045 0
7047 0 FW13-e049 0
7047 0 FW13-e050 8
7047 0 FW13-e052 10
7047 0 FW13-e055 3
7047 0 FW13-e057 30
7047 0 FW13-e062 10
7047 0 FW13-e063 0
7047 0 FW13-e066 0
7047 0 FW13-e068 0
7047 0 FW13-e085 0
7047 0 FW13-e086 0
7047 0 FW13-e087 15
7047 0 FW13-e088 28
7047 0 FW13-e095 0
7047 0 FW13-e100 0
7047 0 FW13-e103 5
7047 0 FW13-e107 0
7047 0 FW13-e109 0
7047 0 FW13-e110 0
7047 0 FW13-e113 0
7047 0 FW13-e114 0
7047 0 FW13-e115 0
7047 0 FW13-e117 0
7047 0 FW13-e118 0
7047 0 FW13-e121 0
7047 0 FW13-e122 0
7047 0 FW13-e123 20
7047 0 FW13-e124 33
7047 0 FW13-e128 33
7047 0 FW13-e129 5
7047 0 FW13-e130 15
7047 0 FW13-e131 0
7047 0 FW13-e132 20
7047 0 FW13-e134 5
7047 0 FW13-e140 0
7047 0 FW13-e143 0
7047 0 FW13-e144 0
7047 0 FW13-e145 0
7047 0 FW13-e146 0
7047 0 FW13-e148 0
7047 0 FW13-e153 10
7047 0 FW13-e166 0
7047 0 FW13-e167 0
7047 0 FW13-e172 0
7047 0 FW13-e174 0
7047 0 FW13-e175 30
7047 0 FW13-e176 13
7047 0 FW13-e179 0
7047 0 FW13-e181 0
7047 0 FW13-e182 5
7047 0 FW13-e184 0
7047 0 FW13-e185 25
7047 0 FW13-e200 15
7056 0 FW13-e002 0
7056 0 FW13-e003 0
7056 0 FW13-e004 15
7056 0 FW13-e005 15
7056 0 FW13-e007 0
7056 0 FW13-e010 0
7056 0 FW13-e011 0
7056 0 FW13-e013 5
7056 0 FW13-e014 3
7056 0 FW13-e016 0
7056 0 FW13-e017 10
7056 0 FW13-e018 0
7056 0 FW13-e019 0
7056 0 FW13-e021 3
7056 0 FW13-e022 45
7056 0 FW13-e023 13
7056 0 FW13-e024 0
7056 0 FW13-e025 5
7056 0 FW13-e026 13
7056 0 FW13-e029 3
7056 0 FW13-e030 0
7056 0 FW13-e032 0
7056 0 FW13-e034 25
7056 0 FW13-e039 0
7056 0 FW13-e044 0
7056 0 FW13-e045 0
7056 0 FW13-e049 0
7056 0 FW13-e050 0
7056 0 FW13-e052 30
7056 0 FW13-e055 78
7056 0 FW13-e057 25
7056 0 FW13-e062 15
7056 0 FW13-e078 0
7056 0 FW13-e079 0
7056 0 FW13-e080 0
7056 0 FW13-e085 0
7056 0 FW13-e088 53
7056 0 FW13-e095 0
7056 0 FW13-e100 0
7056 0 FW13-e102 3
7056 0 FW13-e103 10
7056 0 FW13-e108 0
7056 0 FW13-e109 5
7056 0 FW13-e110 0
7056 0 FW13-e113 0
7056 0 FW13-e114 0
7056 0 FW13-e121 0
7056 0 FW13-e122 0
7056 0 FW13-e123 3
7056 0 FW13-e124 0
7056 0 FW13-e127 0
7056 0 FW13-e130 0
7056 0 FW13-e131 0
7056 0 FW13-e132 70
7056 0 FW13-e136 0
7056 0 FW13-e137 0
7056 0 FW13-e138 0
7056 0 FW13-e140 13
7056 0 FW13-e141 0
7056 0 FW13-e143 0
7056 0 FW13-e146 0
7056 0 FW13-e147 0
7056 0 FW13-e148 0
7056 0 FW13-e153 0
7056 0 FW13-e157 0
7056 0 FW13-e160 0
7056 0 FW13-e162 0
7056 0 FW13-e169 0
7056 0 FW13-e171 20
7056 0 FW13-e172 0
7056 0 FW13-e175 40
7056 0 FW13-e176 40
7056 0 FW13-e179 13
7056 0 FW13-e182 0
7056 0 FW13-e184 3
7056 0 FW13-e185 65
7067 0 FW13-e001 0
7067 0 FW13-e002 0
7067 0 FW13-e003 0
7067 0 FW13-e004 0
7067 0 FW13-e007 0
7067 0 FW13-e009 0
7067 0 FW13-e012 0
7067 0 FW13-e013 5
7067 0 FW13-e014 0
7067 0 FW13-e016 0
7067 0 FW13-e017 0
7067 0 FW13-e019 0
7067 0 FW13-e020 0
7067 0 FW13-e021 18
7067 0 FW13-e022 10
7067 0 FW13-e023 0
7067 0 FW13-e024 0
7067 0 FW13-e026 8
7067 0 FW13-e027 0
7067 0 FW13-e029 0
7067 0 FW13-e030 0
7067 0 FW13-e032 0
7067 0 FW13-e033 5
7067 0 FW13-e034 18
7067 0 FW13-e038 0
7067 0 FW13-e039 0
7067 0 FW13-e041 0
7067 0 FW13-e043 0
7067 0 FW13-e044 0
7067 0 FW13-e045 0
7067 0 FW13-e048 0
7067 0 FW13-e049 0
7067 0 FW13-e050 30
7067 0 FW13-e052 28
7067 0 FW13-e055 3
7067 0 FW13-e057 45
7067 0 FW13-e062 38
7067 0 FW13-e063 0
7067 0 FW13-e066 0
7067 0 FW13-e067 0
7067 0 FW13-e070 0
7067 0 FW13-e071 0
7067 0 FW13-e072 0
7067 0 FW13-e076 0
7067 0 FW13-e079 0
7067 0 FW13-e080 0
7067 0 FW13-e085 0
7067 0 FW13-e086 0
7067 0 FW13-e087 0
7067 0 FW13-e088 23
7067 0 FW13-e091 0
7067 0 FW13-e092 0
7067 0 FW13-e095 0
7067 0 FW13-e098 3
7067 0 FW13-e101 8
7067 0 FW13-e102 0
7067 0 FW13-e103 10
7067 0 FW13-e104 3
7067 0 FW13-e106 0
7067 0 FW13-e107 5
7067 0 FW13-e108 0
7067 0 FW13-e109 0
7067 0 FW13-e110 13
7067 0 FW13-e111 0
7067 0 FW13-e112 0
7067 0 FW13-e113 0
7067 0 FW13-e114 0
7067 0 FW13-e115 0
7067 0 FW13-e118 0
7067 0 FW13-e119 0
7067 0 FW13-e121 0
7067 0 FW13-e122 5
7067 0 FW13-e123 0
7067 0 FW13-e124 0
7067 0 FW13-e126 0
7067 0 FW13-e128 0
7067 0 FW13-e129 3
7067 0 FW13-e130 0
7067 0 FW13-e131 0
7067 0 FW13-e132 85
7067 0 FW13-e134 8
7067 0 FW13-e136 0
7067 0 FW13-e139 0
7067 0 FW13-e140 50
7067 0 FW13-e142 0
7067 0 FW13-e143 90
7067 0 FW13-e146 0
7067 0 FW13-e148 0
7067 0 FW13-e153 3
7067 0 FW13-e154 0
7067 0 FW13-e156 3
7067 0 FW13-e157 0
7067 0 FW13-e158 0
7067 0 FW13-e161 0
7067 0 FW13-e162 0
7067 0 FW13-e164 0
7067 0 FW13-e165 0
7067 0 FW13-e166 0
7067 0 FW13-e167 28
7067 0 FW13-e169 5
7067 0 FW13-e170 0
7067 0 FW13-e171 15
7067 0 FW13-e172 0
7067 0 FW13-e174 18
7067 0 FW13-e175 40
7067 0 FW13-e176 13
7067 0 FW13-e178 0
7067 0 FW13-e179 5
7067 0 FW13-e181 0
7067 0 FW13-e182 3
7067 0 FW13-e184 0
7067 0 FW13-e185 80
7067 0 FW13-e200 40
7068 0 FW13-e002 0
7068 0 FW13-e005 3
7068 0 FW13-e009 0
7068 0 FW13-e011 0
7068 0 FW13-e012 0
7068 0 FW13-e013 0
7068 0 FW13-e016 0
7068 0 FW13-e019 0
7068 0 FW13-e022 0
7068 0 FW13-e023 5
7068 0 FW13-e028 3
7068 0 FW13-e029 8
7068 0 FW13-e030 5
7068 0 FW13-e033 0
7068 0 FW13-e034 0
7068 0 FW13-e041 0
7068 0 FW13-e044 0
7068 0 FW13-e047 0
7068 0 FW13-e049 0
7068 0 FW13-e052 18
7068 0 FW13-e057 15
7068 0 FW13-e062 10
7068 0 FW13-e063 0
7068 0 FW13-e066 0
7068 0 FW13-e067 0
7068 0 FW13-e071 0
7068 0 FW13-e076 0
7068 0 FW13-e085 0
7068 0 FW13-e086 0
7068 0 FW13-e087 0
7068 0 FW13-e088 38
7068 0 FW13-e091 0
7068 0 FW13-e092 0
7068 0 FW13-e095 0
7068 0 FW13-e098 0
7068 0 FW13-e101 0
7068 0 FW13-e109 0
7068 0 FW13-e118 0
7068 0 FW13-e123 0
7068 0 FW13-e129 0
7068 0 FW13-e131 0
7068 0 FW13-e132 30
7068 0 FW13-e140 10
7068 0 FW13-e143 35
7068 0 FW13-e144 10
7068 0 FW13-e146 10
7068 0 FW13-e147 0
7068 0 FW13-e148 13
7068 0 FW13-e153 0
7068 0 FW13-e156 0
7068 0 FW13-e162 0
7068 0 FW13-e166 0
7068 0 FW13-e167 0
7068 0 FW13-e168 0
7068 0 FW13-e169 0
7068 0 FW13-e175 38
7068 0 FW13-e176 0
7068 0 FW13-e179 0
7068 0 FW13-e182 0
7068 0 FW13-e184 0
7068 0 FW13-e185 35
7068 0 FW13-e200 38
7069 0 FW13-e002 0
7069 0 FW13-e004 0
7069 0 FW13-e007 0
7069 0 FW13-e012 0
7069 0 FW13-e013 0
7069 0 FW13-e014 0
7069 0 FW13-e016 0
7069 0 FW13-e017 0
7069 0 FW13-e019 0
7069 0 FW13-e021 20
7069 0 FW13-e022 30
7069 0 FW13-e023 20
7069 0 FW13-e025 20
7069 0 FW13-e026 20
7069 0 FW13-e027 0
7069 0 FW13-e028 5
7069 0 FW13-e029 3
7069 0 FW13-e030 5
7069 0 FW13-e032 3
7069 0 FW13-e034 10
7069 0 FW13-e039 0
7069 0 FW13-e041 0
7069 0 FW13-e042 0
7069 0 FW13-e044 0
7069 0 FW13-e045 0
7069 0 FW13-e047 0
7069 0 FW13-e049 0
7069 0 FW13-e050 28
7069 0 FW13-e052 33
7069 0 FW13-e055 43
7069 0 FW13-e057 18
7069 0 FW13-e062 13
7069 0 FW13-e063 0
7069 0 FW13-e066 0
7069 0 FW13-e085 0
7069 0 FW13-e086 0
7069 0 FW13-e087 0
7069 0 FW13-e088 40
7069 0 FW13-e091 0
7069 0 FW13-e095 0
7069 0 FW13-e098 8
7069 0 FW13-e101 0
7069 0 FW13-e102 0
7069 0 FW13-e103 10
7069 0 FW13-e104 3
7069 0 FW13-e106 0
7069 0 FW13-e109 0
7069 0 FW13-e110 0
7069 0 FW13-e113 28
7069 0 FW13-e114 23
7069 0 FW13-e115 33
7069 0 FW13-e117 5
7069 0 FW13-e118 0
7069 0 FW13-e121 35
7069 0 FW13-e122 30
7069 0 FW13-e123 23
7069 0 FW13-e124 28
7069 0 FW13-e127 5
7069 0 FW13-e128 10
7069 0 FW13-e129 0
7069 0 FW13-e130 3
7069 0 FW13-e131 0
7069 0 FW13-e132 73
7069 0 FW13-e133 0
7069 0 FW13-e136 0
7069 0 FW13-e137 0
7069 0 FW13-e140 48
7069 0 FW13-e141 0
7069 0 FW13-e142 0
7069 0 FW13-e143 33
7069 0 FW13-e144 3
7069 0 FW13-e145 0
7069 0 FW13-e146 40
7069 0 FW13-e148 55
7069 0 FW13-e153 18
7069 0 FW13-e154 0
7069 0 FW13-e156 0
7069 0 FW13-e157 0
7069 0 FW13-e162 0
7069 0 FW13-e166 0
7069 0 FW13-e167 0
7069 0 FW13-e169 0
7069 0 FW13-e172 0
7069 0 FW13-e174 3
7069 0 FW13-e175 35
7069 0 FW13-e176 28
7069 0 FW13-e179 25
7069 0 FW13-e182 0
7069 0 FW13-e184 28
7069 0 FW13-e185 65
7069 0 FW13-e200 45
7075 0 FW13-e002 0
7075 0 FW13-e004 0
7075 0 FW13-e018 0
7075 0 FW13-e021 50
7075 0 FW13-e022 100
7075 0 FW13-e023 65
7075 0 FW13-e026 15
7075 0 FW13-e029 0
7075 0 FW13-e034 0
7075 0 FW13-e042 0
7075 0 FW13-e044 0
7075 0 FW13-e045 0
7075 0 FW13-e049 0
7075 0 FW13-e052 65
7075 0 FW13-e055 30
7075 0 FW13-e057 30
7075 0 FW13-e062 15
7075 0 FW13-e066 0
7075 0 FW13-e085 0
7075 0 FW13-e086 0
7075 0 FW13-e087 0
7075 0 FW13-e088 0
7075 0 FW13-e091 0
7075 0 FW13-e103 0
7075 0 FW13-e109 0
7075 0 FW13-e113 0
7075 0 FW13-e114 5
7075 0 FW13-e123 5
7075 0 FW13-e127 5
7075 0 FW13-e129 0
7075 0 FW13-e132 35
7075 0 FW13-e140 0
7075 0 FW13-e143 0
7075 0 FW13-e144 0
7075 0 FW13-e146 0
7075 0 FW13-e147 0
7075 0 FW13-e148 0
7075 0 FW13-e153 40
7075 0 FW13-e156 0
7075 0 FW13-e162 0
7075 0 FW13-e166 0
7075 0 FW13-e167 0
7075 0 FW13-e174 0
7075 0 FW13-e175 10
7075 0 FW13-e176 90
7075 0 FW13-e179 40
7075 0 FW13-e182 10
7075 0 FW13-e185 35
7075 0 FW13-e200 25
7076 0 FW13-e004 0
7076 0 FW13-e007 0
7076 0 FW13-e010 0
7076 0 FW13-e011 0
7076 0 FW13-e013 0
7076 0 FW13-e016 0
7076 0 FW13-e017 0
7076 0 FW13-e018 0
7076 0 FW13-e021 0
7076 0 FW13-e022 0
7076 0 FW13-e023 33
7076 0 FW13-e025 33
7076 0 FW13-e026 10
7076 0 FW13-e027 0
7076 0 FW13-e028 0
7076 0 FW13-e029 3
7076 0 FW13-e030 0
7076 0 FW13-e032 0
7076 0 FW13-e033 0
7076 0 FW13-e034 50
7076 0 FW13-e037 0
7076 0 FW13-e039 0
7076 0 FW13-e042 0
7076 0 FW13-e044 0
7076 0 FW13-e045 0
7076 0 FW13-e049 0
7076 0 FW13-e050 18
7076 0 FW13-e052 35
7076 0 FW13-e055 80
7076 0 FW13-e057 48
7076 0 FW13-e062 15
7076 0 FW13-e063 0
7076 0 FW13-e087 0
7076 0 FW13-e088 57
7076 0 FW13-e098 0
7076 0 FW13-e099 0
7076 0 FW13-e100 0
7076 0 FW13-e101 0
7076 0 FW13-e102 0
7076 0 FW13-e103 3
7076 0 FW13-e106 0
7076 0 FW13-e107 0
7076 0 FW13-e109 0
7076 0 FW13-e113 20
7076 0 FW13-e114 0
7076 0 FW13-e115 3
7076 0 FW13-e117 0
7076 0 FW13-e119 10
7076 0 FW13-e121 57
7076 0 FW13-e122 35
7076 0 FW13-e123 40
7076 0 FW13-e124 33
7076 0 FW13-e127 45
7076 0 FW13-e128 0
7076 0 FW13-e129 0
7076 0 FW13-e130 0
7076 0 FW13-e131 0
7076 0 FW13-e132 75
7076 0 FW13-e134 0
7076 0 FW13-e140 5
7076 0 FW13-e142 0
7076 0 FW13-e143 18
7076 0 FW13-e144 30
7076 0 FW13-e145 0
7076 0 FW13-e146 0
7076 0 FW13-e147 0
7076 0 FW13-e148 5
7076 0 FW13-e152 0
7076 0 FW13-e153 30
7076 0 FW13-e154 0
7076 0 FW13-e156 0
7076 0 FW13-e171 0
7076 0 FW13-e172 0
7076 0 FW13-e175 65
7076 0 FW13-e176 0
7076 0 FW13-e179 0
7076 0 FW13-e181 0
7076 0 FW13-e182 0
7076 0 FW13-e184 0
7076 0 FW13-e185 78
7076 0 FW13-e200 60
7080 0 FW13-e002 0
7080 0 FW13-e004 0
7080 0 FW13-e005 0
7080 0 FW13-e011 0
7080 0 FW13-e012 0
7080 0 FW13-e013 0
7080 0 FW13-e016 0
7080 0 FW13-e018 0
7080 0 FW13-e019 0
7080 0 FW13-e020 0
7080 0 FW13-e021 3
7080 0 FW13-e022 68
7080 0 FW13-e023 0
7080 0 FW13-e026 0
7080 0 FW13-e027 0
7080 0 FW13-e029 0
7080 0 FW13-e030 0
7080 0 FW13-e033 0
7080 0 FW13-e034 0
7080 0 FW13-e039 0
7080 0 FW13-e041 0
7080 0 FW13-e043 0
7080 0 FW13-e044 0
7080 0 FW13-e047 0
7080 0 FW13-e049 0
7080 0 FW13-e050 0
7080 0 FW13-e052 10
7080 0 FW13-e055 0
7080 0 FW13-e057 0
7080 0 FW13-e062 3
7080 0 FW13-e066 0
7080 0 FW13-e071 0
7080 0 FW13-e076 0
7080 0 FW13-e085 0
7080 0 FW13-e086 0
7080 0 FW13-e087 0
7080 0 FW13-e088 0
7080 0 FW13-e095 0
7080 0 FW13-e098 0
7080 0 FW13-e101 0
7080 0 FW13-e102 0
7080 0 FW13-e103 0
7080 0 FW13-e104 0
7080 0 FW13-e106 0
7080 0 FW13-e107 0
7080 0 FW13-e109 0
7080 0 FW13-e113 0
7080 0 FW13-e114 0
7080 0 FW13-e118 0
7080 0 FW13-e122 0
7080 0 FW13-e123 0
7080 0 FW13-e126 0
7080 0 FW13-e128 0
7080 0 FW13-e129 0
7080 0 FW13-e130 0
7080 0 FW13-e132 13
7080 0 FW13-e138 0
7080 0 FW13-e140 0
7080 0 FW13-e141 0
7080 0 FW13-e143 0
7080 0 FW13-e144 0
7080 0 FW13-e146 0
7080 0 FW13-e147 0
7080 0 FW13-e148 0
7080 0 FW13-e153 0
7080 0 FW13-e156 0
7080 0 FW13-e162 0
7080 0 FW13-e166 0
7080 0 FW13-e167 0
7080 0 FW13-e168 0
7080 0 FW13-e169 0
7080 0 FW13-e171 0
7080 0 FW13-e172 0
7080 0 FW13-e174 0
7080 0 FW13-e175 5
7080 0 FW13-e176 70
7080 0 FW13-e179 5
7080 0 FW13-e181 0
7080 0 FW13-e182 0
7080 0 FW13-e184 0
7080 0 FW13-e185 13
7084 0 FW13-e002 0
7084 0 FW13-e003 0
7084 0 FW13-e004 0
7084 0 FW13-e005 0
7084 0 FW13-e008 0
7084 0 FW13-e009 0
7084 0 FW13-e010 0
7084 0 FW13-e012 0
7084 0 FW13-e013 0
7084 0 FW13-e014 0
7084 0 FW13-e016 0
7084 0 FW13-e017 0
7084 0 FW13-e018 5
7084 0 FW13-e019 0
7084 0 FW13-e021 40
7084 0 FW13-e022 75
7084 0 FW13-e023 40
7084 0 FW13-e026 35
7084 0 FW13-e027 0
7084 0 FW13-e029 0
7084 0 FW13-e030 0
7084 0 FW13-e032 3
7084 0 FW13-e033 0
7084 0 FW13-e034 13
7084 0 FW13-e038 0
7084 0 FW13-e039 0
7084 0 FW13-e041 0
7084 0 FW13-e043 0
7084 0 FW13-e044 0
7084 0 FW13-e045 0
7084 0 FW13-e047 0
7084 0 FW13-e049 0
7084 0 FW13-e050 75
7084 0 FW13-e052 85
7084 0 FW13-e055 0
7084 0 FW13-e057 68
7084 0 FW13-e062 75
7084 0 FW13-e063 0
7084 0 FW13-e065 0
7084 0 FW13-e066 0
7084 0 FW13-e067 0
7084 0 FW13-e070 0
7084 0 FW13-e071 0
7084 0 FW13-e072 0
7084 0 FW13-e075 0
7084 0 FW13-e076 0
7084 0 FW13-e080 0
7084 0 FW13-e085 0
7084 0 FW13-e086 0
7084 0 FW13-e087 0
7084 0 FW13-e088 57
7084 0 FW13-e091 0
7084 0 FW13-e095 0
7084 0 FW13-e098 0
7084 0 FW13-e101 0
7084 0 FW13-e102 0
7084 0 FW13-e103 0
7084 0 FW13-e104 3
7084 0 FW13-e106 0
7084 0 FW13-e107 45
7084 0 FW13-e109 0
7084 0 FW13-e110 0
7084 0 FW13-e111 0
7084 0 FW13-e112 0
7084 0 FW13-e113 0
7084 0 FW13-e114 0
7084 0 FW13-e118 0
7084 0 FW13-e122 0
7084 0 FW13-e123 15
7084 0 FW13-e126 0
7084 0 FW13-e128 0
7084 0 FW13-e129 0
7084 0 FW13-e131 0
7084 0 FW13-e132 85
7084 0 FW13-e134 0
7084 0 FW13-e136 0
7084 0 FW13-e139 0
7084 0 FW13-e140 0
7084 0 FW13-e141 0
7084 0 FW13-e143 3
7084 0 FW13-e146 0
7084 0 FW13-e147 5
7084 0 FW13-e148 0
7084 0 FW13-e153 10
7084 0 FW13-e156 0
7084 0 FW13-e161 0
7084 0 FW13-e162 0
7084 0 FW13-e164 0
7084 0 FW13-e166 0
7084 0 FW13-e167 0
7084 0 FW13-e169 0
7084 0 FW13-e171 0
7084 0 FW13-e172 0
7084 0 FW13-e174 23
7084 0 FW13-e175 90
7084 0 FW13-e176 70
7084 0 FW13-e179 43
7084 0 FW13-e181 0
7084 0 FW13-e182 33
7084 0 FW13-e184 10
7084 0 FW13-e185 75
7087 0 FW13-e002 0
7087 0 FW13-e004 0
7087 0 FW13-e011 0
7087 0 FW13-e012 0
7087 0 FW13-e019 10
7087 0 FW13-e021 0
7087 0 FW13-e022 0
7087 0 FW13-e023 15
7087 0 FW13-e026 0
7087 0 FW13-e029 0
7087 0 FW13-e034 10
7087 0 FW13-e041 0
7087 0 FW13-e044 0
7087 0 FW13-e045 0
7087 0 FW13-e049 0
7087 0 FW13-e052 33
7087 0 FW13-e055 13
7087 0 FW13-e057 5
7087 0 FW13-e062 8
7087 0 FW13-e066 0
7087 0 FW13-e079 0
7087 0 FW13-e085 0
7087 0 FW13-e086 0
7087 0 FW13-e087 0
7087 0 FW13-e088 50
7087 0 FW13-e091 0
7087 0 FW13-e095 0
7087 0 FW13-e109 0
7087 0 FW13-e123 10
7087 0 FW13-e129 15
7087 0 FW13-e132 33
7087 0 FW13-e133 0
7087 0 FW13-e140 8
7087 0 FW13-e141 0
7087 0 FW13-e143 10
7087 0 FW13-e146 5
7087 0 FW13-e147 15
7087 0 FW13-e148 0
7087 0 FW13-e156 0
7087 0 FW13-e162 0
7087 0 FW13-e166 0
7087 0 FW13-e167 5
7087 0 FW13-e174 0
7087 0 FW13-e175 50
7087 0 FW13-e176 5
7087 0 FW13-e179 0
7087 0 FW13-e182 0
7087 0 FW13-e185 33
7087 0 FW13-e200 50
7089 0 FW13-e002 0
7089 0 FW13-e004 0
7089 0 FW13-e007 0
7089 0 FW13-e012 0
7089 0 FW13-e013 0
7089 0 FW13-e016 0
7089 0 FW13-e018 0
7089 0 FW13-e021 0
7089 0 FW13-e022 90
7089 0 FW13-e023 40
7089 0 FW13-e026 70
7089 0 FW13-e027 0
7089 0 FW13-e029 0
7089 0 FW13-e030 0
7089 0 FW13-e034 0
7089 0 FW13-e044 0
7089 0 FW13-e045 0
7089 0 FW13-e049 0
7089 0 FW13-e050 0
7089 0 FW13-e052 20
7089 0 FW13-e055 0
7089 0 FW13-e057 25
7089 0 FW13-e062 13
7089 0 FW13-e063 0
7089 0 FW13-e066 0
7089 0 FW13-e085 0
7089 0 FW13-e087 0
7089 0 FW13-e088 25
7089 0 FW13-e098 5
7089 0 FW13-e103 0
7089 0 FW13-e114 0
7089 0 FW13-e122 0
7089 0 FW13-e123 0
7089 0 FW13-e127 0
7089 0 FW13-e129 0
7089 0 FW13-e130 0
7089 0 FW13-e132 25
7089 0 FW13-e140 0
7089 0 FW13-e143 0
7089 0 FW13-e144 0
7089 0 FW13-e146 0
7089 0 FW13-e148 0
7089 0 FW13-e152 8
7089 0 FW13-e153 20
7089 0 FW13-e174 0
7089 0 FW13-e175 25
7089 0 FW13-e176 100
7089 0 FW13-e179 10
7089 0 FW13-e182 90
7089 0 FW13-e184 13
7089 0 FW13-e185 25
7090 0 FW13-e001 0
7090 0 FW13-e002 0
7090 0 FW13-e003 0
7090 0 FW13-e004 0
7090 0 FW13-e005 0
7090 0 FW13-e011 0
7090 0 FW13-e012 0
7090 0 FW13-e013 0
7090 0 FW13-e015 0
7090 0 FW13-e016 0
7090 0 FW13-e018 0
7090 0 FW13-e019 0
7090 0 FW13-e021 0
7090 0 FW13-e022 0
7090 0 FW13-e023 0
7090 0 FW13-e025 0
7090 0 FW13-e026 5
7090 0 FW13-e029 0
7090 0 FW13-e032 0
7090 0 FW13-e033 0
7090 0 FW13-e034 28
7090 0 FW13-e041 0
7090 0 FW13-e043 0
7090 0 FW13-e044 0
7090 0 FW13-e047 0
7090 0 FW13-e049 0
7090 0 FW13-e050 0
7090 0 FW13-e052 15
7090 0 FW13-e055 13
7090 0 FW13-e057 10
7090 0 FW13-e062 15
7090 0 FW13-e066 0
7090 0 FW13-e085 0
7090 0 FW13-e086 0
7090 0 FW13-e087 0
7090 0 FW13-e088 20
7090 0 FW13-e091 0
7090 0 FW13-e095 0
7090 0 FW13-e098 10
7090 0 FW13-e099 0
7090 0 FW13-e101 10
7090 0 FW13-e102 0
7090 0 FW13-e103 8
7090 0 FW13-e106 0
7090 0 FW13-e107 0
7090 0 FW13-e109 3
7090 0 FW13-e110 0
7090 0 FW13-e113 5
7090 0 FW13-e114 5
7090 0 FW13-e118 0
7090 0 FW13-e121 0
7090 0 FW13-e122 0
7090 0 FW13-e123 23
7090 0 FW13-e124 5
7090 0 FW13-e127 0
7090 0 FW13-e128 0
7090 0 FW13-e129 20
7090 0 FW13-e130 23
7090 0 FW13-e132 28
7090 0 FW13-e140 0
7090 0 FW13-e143 5
7090 0 FW13-e146 0
7090 0 FW13-e148 0
7090 0 FW13-e152 0
7090 0 FW13-e153 25
7090 0 FW13-e154 0
7090 0 FW13-e156 0
7090 0 FW13-e162 0
7090 0 FW13-e166 0
7090 0 FW13-e167 0
7090 0 FW13-e169 0
7090 0 FW13-e171 0
7090 0 FW13-e172 0
7090 0 FW13-e174 15
7090 0 FW13-e175 25
7090 0 FW13-e176 5
7090 0 FW13-e178 0
7090 0 FW13-e179 5
7090 0 FW13-e181 0
7090 0 FW13-e182 0
7090 0 FW13-e184 0
7090 0 FW13-e185 28
7090 0 FW13-e200 18
7094 0 FW13-e001 0
7094 0 FW13-e002 0
7094 0 FW13-e003 0
7094 0 FW13-e004 0
7094 0 FW13-e005 0
7094 0 FW13-e008 0
7094 0 FW13-e009 0
7094 0 FW13-e010 0
7094 0 FW13-e011 0
7094 0 FW13-e012 0
7094 0 FW13-e013 0
7094 0 FW13-e014 0
7094 0 FW13-e016 0
7094 0 FW13-e017 0
7094 0 FW13-e019 0
7094 0 FW13-e021 0
7094 0 FW13-e022 25
7094 0 FW13-e023 35
7094 0 FW13-e026 15
7094 0 FW13-e029 0
7094 0 FW13-e033 5
7094 0 FW13-e034 3
7094 0 FW13-e041 0
7094 0 FW13-e042 0
7094 0 FW13-e043 0
7094 0 FW13-e044 0
7094 0 FW13-e045 0
7094 0 FW13-e047 0
7094 0 FW13-e049 0
7094 0 FW13-e050 0
7094 0 FW13-e052 55
7094 0 FW13-e055 5
7094 0 FW13-e057 10
7094 0 FW13-e062 0
7094 0 FW13-e063 0
7094 0 FW13-e066 0
7094 0 FW13-e070 0
7094 0 FW13-e079 0
7094 0 FW13-e085 0
7094 0 FW13-e086 0
7094 0 FW13-e087 3
7094 0 FW13-e088 63
7094 0 FW13-e091 0
7094 0 FW13-e095 0
7094 0 FW13-e103 0
7094 0 FW13-e107 0
7094 0 FW13-e109 0
7094 0 FW13-e110 0
7094 0 FW13-e114 0
7094 0 FW13-e118 0
7094 0 FW13-e122 0
7094 0 FW13-e123 20
7094 0 FW13-e128 18
7094 0 FW13-e129 0
7094 0 FW13-e130 5
7094 0 FW13-e131 5
7094 0 FW13-e132 33
7094 0 FW13-e140 0
7094 0 FW13-e143 0
7094 0 FW13-e146 0
7094 0 FW13-e148 0
7094 0 FW13-e153 0
7094 0 FW13-e156 0
7094 0 FW13-e166 0
7094 0 FW13-e167 0
7094 0 FW13-e169 0
7094 0 FW13-e174 0
7094 0 FW13-e175 57
7094 0 FW13-e176 25
7094 0 FW13-e179 0
7094 0 FW13-e181 0
7094 0 FW13-e182 23
7094 0 FW13-e184 0
7094 0 FW13-e185 35
7094 0 FW13-e200 33
7096 0 FW13-e002 0
7096 0 FW13-e004 0
7096 0 FW13-e005 0
7096 0 FW13-e012 0
7096 0 FW13-e021 8
7096 0 FW13-e022 23
7096 0 FW13-e023 40
7096 0 FW13-e026 15
7096 0 FW13-e029 0
7096 0 FW13-e034 0
7096 0 FW13-e041 0
7096 0 FW13-e042 0
7096 0 FW13-e044 0
7096 0 FW13-e045 0
7096 0 FW13-e047 0
7096 0 FW13-e049 0
7096 0 FW13-e050 0
7096 0 FW13-e052 18
7096 0 FW13-e055 3
7096 0 FW13-e057 18
7096 0 FW13-e062 25
7096 0 FW13-e066 0
7096 0 FW13-e085 0
7096 0 FW13-e086 0
7096 0 FW13-e087 0
7096 0 FW13-e088 33
7096 0 FW13-e091 0
7096 0 FW13-e095 0
7096 0 FW13-e101 3
7096 0 FW13-e109 0
7096 0 FW13-e112 0
7096 0 FW13-e113 0
7096 0 FW13-e118 0
7096 0 FW13-e123 10
7096 0 FW13-e128 0
7096 0 FW13-e129 10
7096 0 FW13-e132 50
7096 0 FW13-e133 0
7096 0 FW13-e140 0
7096 0 FW13-e141 0
7096 0 FW13-e143 0
7096 0 FW13-e146 0
7096 0 FW13-e147 0
7096 0 FW13-e148 0
7096 0 FW13-e156 0
7096 0 FW13-e162 0
7096 0 FW13-e166 0
7096 0 FW13-e167 0
7096 0 FW13-e168 5
7096 0 FW13-e169 20
7096 0 FW13-e171 3
7096 0 FW13-e174 0
7096 0 FW13-e175 40
7096 0 FW13-e176 20
7096 0 FW13-e179 0
7096 0 FW13-e182 30
7096 0 FW13-e185 43
7096 0 FW13-e200 43
7097 0 FW13-e002 0
7097 0 FW13-e004 0
7097 0 FW13-e010 0
7097 0 FW13-e011 0
7097 0 FW13-e012 0
7097 0 FW13-e013 0
7097 0 FW13-e014 0
7097 0 FW13-e016 0
7097 0 FW13-e019 0
7097 0 FW13-e021 3
7097 0 FW13-e022 50
7097 0 FW13-e023 5
7097 0 FW13-e026 3
7097 0 FW13-e029 15
7097 0 FW13-e033 0
7097 0 FW13-e034 0
7097 0 FW13-e039 0
7097 0 FW13-e041 0
7097 0 FW13-e042 0
7097 0 FW13-e043 0
7097 0 FW13-e044 0
7097 0 FW13-e045 0
7097 0 FW13-e047 0
7097 0 FW13-e049 0
7097 0 FW13-e050 0
7097 0 FW13-e052 20
7097 0 FW13-e055 10
7097 0 FW13-e057 10
7097 0 FW13-e062 0
7097 0 FW13-e066 0
7097 0 FW13-e071 0
7097 0 FW13-e075 0
7097 0 FW13-e085 0
7097 0 FW13-e086 0
7097 0 FW13-e087 0
7097 0 FW13-e088 65
7097 0 FW13-e091 0
7097 0 FW13-e095 0
7097 0 FW13-e102 0
7097 0 FW13-e103 0
7097 0 FW13-e109 0
7097 0 FW13-e113 0
7097 0 FW13-e118 0
7097 0 FW13-e122 5
7097 0 FW13-e123 0
7097 0 FW13-e128 3
7097 0 FW13-e129 0
7097 0 FW13-e132 57
7097 0 FW13-e138 0
7097 0 FW13-e140 5
7097 0 FW13-e143 0
7097 0 FW13-e146 0
7097 0 FW13-e148 0
7097 0 FW13-e159 0
7097 0 FW13-e162 0
7097 0 FW13-e166 0
7097 0 FW13-e167 0
7097 0 FW13-e169 0
7097 0 FW13-e171 0
7097 0 FW13-e174 0
7097 0 FW13-e175 65
7097 0 FW13-e176 35
7097 0 FW13-e179 0
7097 0 FW13-e182 20
7097 0 FW13-e185 60
7097 0 FW13-e200 65
7099 0 FW13-e002 0
7099 0 FW13-e004 0
7099 0 FW13-e007 0
7099 0 FW13-e009 0
7099 0 FW13-e011 0
7099 0 FW13-e012 0
7099 0 FW13-e013 0
7099 0 FW13-e014 0
7099 0 FW13-e016 0
7099 0 FW13-e021 0
7099 0 FW13-e022 23
7099 0 FW13-e023 13
7099 0 FW13-e026 0
7099 0 FW13-e029 0
7099 0 FW13-e030 0
7099 0 FW13-e034 0
7099 0 FW13-e041 0
7099 0 FW13-e044 0
7099 0 FW13-e045 0
7099 0 FW13-e047 0
7099 0 FW13-e049 0
7099 0 FW13-e052 33
7099 0 FW13-e055 0
7099 0 FW13-e057 0
7099 0 FW13-e062 0
7099 0 FW13-e063 0
7099 0 FW13-e066 0
7099 0 FW13-e085 0
7099 0 FW13-e086 0
7099 0 FW13-e087 0
7099 0 FW13-e088 28
7099 0 FW13-e091 0
7099 0 FW13-e095 0
7099 0 FW13-e118 0
7099 0 FW13-e123 0
7099 0 FW13-e129 0
7099 0 FW13-e140 0
7099 0 FW13-e143 0
7099 0 FW13-e146 0
7099 0 FW13-e148 0
7099 0 FW13-e166 0
7099 0 FW13-e167 0
7099 0 FW13-e174 0
7099 0 FW13-e175 23
7099 0 FW13-e176 63
7099 0 FW13-e179 0
7099 0 FW13-e182 25
7099 0 FW13-e200 18
7103 0 FW13-e002 3
7103 0 FW13-e004 3
7103 0 FW13-e006 0
7103 0 FW13-e007 13
7103 0 FW13-e009 0
7103 0 FW13-e010 0
7103 0 FW13-e012 0
7103 0 FW13-e013 0
7103 0 FW13-e014 0
7103 0 FW13-e016 5
7103 0 FW13-e017 28
7103 0 FW13-e019 0
7103 0 FW13-e021 15
7103 0 FW13-e022 28
7103 0 FW13-e023 23
7103 0 FW13-e026 15
7103 0 FW13-e027 0
7103 0 FW13-e028 0
7103 0 FW13-e029 0
7103 0 FW13-e030 0
7103 0 FW13-e033 5
7103 0 FW13-e034 5
7103 0 FW13-e037 0
7103 0 FW13-e039 0
7103 0 FW13-e041 0
7103 0 FW13-e042 0
7103 0 FW13-e043 0
7103 0 FW13-e044 0
7103 0 FW13-e045 0
7103 0 FW13-e049 0
7103 0 FW13-e050 30
7103 0 FW13-e052 5
7103 0 FW13-e055 0
7103 0 FW13-e057 10
7103 0 FW13-e062 15
7103 0 FW13-e063 0
7103 0 FW13-e065 0
7103 0 FW13-e066 10
7103 0 FW13-e067 5
7103 0 FW13-e068 0
7103 0 FW13-e070 13
7103 0 FW13-e071 8
7103 0 FW13-e072 0
7103 0 FW13-e075 3
7103 0 FW13-e076 23
7103 0 FW13-e079 0
7103 0 FW13-e081 0
7103 0 FW13-e085 0
7103 0 FW13-e086 0
7103 0 FW13-e087 3
7103 0 FW13-e088 43
7103 0 FW13-e091 0
7103 0 FW13-e092 0
7103 0 FW13-e095 0
7103 0 FW13-e098 0
7103 0 FW13-e101 3
7103 0 FW13-e102 18
7103 0 FW13-e103 8
7103 0 FW13-e104 0
7103 0 FW13-e106 3
7103 0 FW13-e107 8
7103 0 FW13-e108 0
7103 0 FW13-e109 0
7103 0 FW13-e110 0
7103 0 FW13-e111 0
7103 0 FW13-e112 3
7103 0 FW13-e113 0
7103 0 FW13-e114 0
7103 0 FW13-e117 0
7103 0 FW13-e118 0
7103 0 FW13-e123 8
7103 0 FW13-e124 0
7103 0 FW13-e128 0
7103 0 FW13-e129 0
7103 0 FW13-e130 5
7103 0 FW13-e132 38
7103 0 FW13-e133 0
7103 0 FW13-e140 0
7103 0 FW13-e141 0
7103 0 FW13-e143 0
7103 0 FW13-e144 0
7103 0 FW13-e145 0
7103 0 FW13-e146 0
7103 0 FW13-e147 0
7103 0 FW13-e148 0
7103 0 FW13-e152 0
7103 0 FW13-e153 13
7103 0 FW13-e154 0
7103 0 FW13-e156 0
7103 0 FW13-e161 0
7103 0 FW13-e162 0
7103 0 FW13-e163 0
7103 0 FW13-e164 0
7103 0 FW13-e166 0
7103 0 FW13-e167 0
7103 0 FW13-e169 0
7103 0 FW13-e171 0
7103 0 FW13-e172 0
7103 0 FW13-e174 13
7103 0 FW13-e175 43
7103 0 FW13-e176 30
7103 0 FW13-e178 0
7103 0 FW13-e179 13
7103 0 FW13-e181 0
7103 0 FW13-e182 5
7103 0 FW13-e184 18
7103 0 FW13-e185 35
7103 0 FW13-e200 25
7109 0 FW13-e002 0
7109 0 FW13-e004 0
7109 0 FW13-e010 0
7109 0 FW13-e012 0
7109 0 FW13-e013 0
7109 0 FW13-e014 0
7109 0 FW13-e016 0
7109 0 FW13-e019 0
7109 0 FW13-e021 0
7109 0 FW13-e022 10
7109 0 FW13-e023 15
7109 0 FW13-e024 0
7109 0 FW13-e026 0
7109 0 FW13-e029 0
7109 0 FW13-e034 0
7109 0 FW13-e041 0
7109 0 FW13-e043 0
7109 0 FW13-e044 0
7109 0 FW13-e047 0
7109 0 FW13-e049 0
7109 0 FW13-e050 28
7109 0 FW13-e052 20
7109 0 FW13-e057 30
7109 0 FW13-e062 0
7109 0 FW13-e063 0
7109 0 FW13-e066 0
7109 0 FW13-e067 0
7109 0 FW13-e071 0
7109 0 FW13-e076 0
7109 0 FW13-e085 0
7109 0 FW13-e086 8
7109 0 FW13-e087 0
7109 0 FW13-e088 25
7109 0 FW13-e091 0
7109 0 FW13-e095 0
7109 0 FW13-e098 0
7109 0 FW13-e101 0
7109 0 FW13-e102 0
7109 0 FW13-e103 0
7109 0 FW13-e107 0
7109 0 FW13-e109 0
7109 0 FW13-e113 0
7109 0 FW13-e114 0
7109 0 FW13-e118 0
7109 0 FW13-e122 0
7109 0 FW13-e123 5
7109 0 FW13-e128 0
7109 0 FW13-e129 3
7109 0 FW13-e132 48
7109 0 FW13-e140 0
7109 0 FW13-e143 0
7109 0 FW13-e144 0
7109 0 FW13-e146 0
7109 0 FW13-e148 0
7109 0 FW13-e153 0
7109 0 FW13-e156 0
7109 0 FW13-e159 0
7109 0 FW13-e161 0
7109 0 FW13-e162 0
7109 0 FW13-e164 0
7109 0 FW13-e166 0
7109 0 FW13-e167 0
7109 0 FW13-e169 0
7109 0 FW13-e172 85
7109 0 FW13-e174 0
7109 0 FW13-e175 85
7109 0 FW13-e176 0
7109 0 FW13-e179 0
7109 0 FW13-e181 0
7109 0 FW13-e182 0
7109 0 FW13-e185 43
7115 0 FW13-e002 0
7115 0 FW13-e009 0
7115 0 FW13-e010 0
7115 0 FW13-e012 0
7115 0 FW13-e013 0
7115 0 FW13-e016 0
7115 0 FW13-e019 0
7115 0 FW13-e020 0
7115 0 FW13-e021 18
7115 0 FW13-e022 25
7115 0 FW13-e023 57
7115 0 FW13-e026 0
7115 0 FW13-e027 0
7115 0 FW13-e029 15
7115 0 FW13-e030 0
7115 0 FW13-e032 25
7115 0 FW13-e033 0
7115 0 FW13-e034 25
7115 0 FW13-e038 3
7115 0 FW13-e039 3
7115 0 FW13-e041 0
7115 0 FW13-e042 25
7115 0 FW13-e043 0
7115 0 FW13-e044 0
7115 0 FW13-e045 0
7115 0 FW13-e049 0
7115 0 FW13-e050 35
7115 0 FW13-e052 30
7115 0 FW13-e055 45
7115 0 FW13-e057 30
7115 0 FW13-e062 57
7115 0 FW13-e066 0
7115 0 FW13-e067 0
7115 0 FW13-e071 0
7115 0 FW13-e076 0
7115 0 FW13-e085 0
7115 0 FW13-e086 0
7115 0 FW13-e087 0
7115 0 FW13-e088 55
7115 0 FW13-e091 0
7115 0 FW13-e095 0
7115 0 FW13-e098 3
7115 0 FW13-e101 18
7115 0 FW13-e102 18
7115 0 FW13-e103 48
7115 0 FW13-e106 5
7115 0 FW13-e107 30
7115 0 FW13-e108 5
7115 0 FW13-e109 10
7115 0 FW13-e110 0
7115 0 FW13-e112 0
7115 0 FW13-e113 5
7115 0 FW13-e114 10
7115 0 FW13-e118 0
7115 0 FW13-e121 0
7115 0 FW13-e122 3
7115 0 FW13-e123 20
7115 0 FW13-e124 5
7115 0 FW13-e126 0
7115 0 FW13-e128 15
7115 0 FW13-e129 0
7115 0 FW13-e130 20
7115 0 FW13-e131 0
7115 0 FW13-e132 60
7115 0 FW13-e134 3
7115 0 FW13-e138 0
7115 0 FW13-e140 3
7115 0 FW13-e143 0
7115 0 FW13-e144 0
7115 0 FW13-e146 0
7115 0 FW13-e147 5
7115 0 FW13-e148 0
7115 0 FW13-e152 0
7115 0 FW13-e153 25
7115 0 FW13-e154 30
7115 0 FW13-e156 23
7115 0 FW13-e159 35
7115 0 FW13-e161 28
7115 0 FW13-e162 0
7115 0 FW13-e163 0
7115 0 FW13-e164 30
7115 0 FW13-e165 35
7115 0 FW13-e166 0
7115 0 FW13-e167 0
7115 0 FW13-e168 0
7115 0 FW13-e169 0
7115 0 FW13-e170 3
7115 0 FW13-e171 0
7115 0 FW13-e172 0
7115 0 FW13-e174 25
7115 0 FW13-e175 65
7115 0 FW13-e176 60
7115 0 FW13-e178 20
7115 0 FW13-e179 20
7115 0 FW13-e181 0
7115 0 FW13-e182 5
7115 0 FW13-e184 15
7115 0 FW13-e185 60
7124 0 FW13-e002 0
7124 0 FW13-e004 0
7124 0 FW13-e005 0
7124 0 FW13-e011 0
7124 0 FW13-e012 0
7124 0 FW13-e013 0
7124 0 FW13-e014 0
7124 0 FW13-e016 0
7124 0 FW13-e019 0
7124 0 FW13-e021 5
7124 0 FW13-e022 13
7124 0 FW13-e023 10
7124 0 FW13-e026 8
7124 0 FW13-e027 0
7124 0 FW13-e029 3
7124 0 FW13-e034 5
7124 0 FW13-e038 0
7124 0 FW13-e039 0
7124 0 FW13-e041 0
7124 0 FW13-e042 3
7124 0 FW13-e043 0
7124 0 FW13-e044 0
7124 0 FW13-e045 0
7124 0 FW13-e047 0
7124 0 FW13-e049 0
7124 0 FW13-e050 3
7124 0 FW13-e052 18
7124 0 FW13-e055 0
7124 0 FW13-e057 0
7124 0 FW13-e062 38
7124 0 FW13-e063 0
7124 0 FW13-e066 0
7124 0 FW13-e071 0
7124 0 FW13-e076 0
7124 0 FW13-e085 0
7124 0 FW13-e086 0
7124 0 FW13-e087 0
7124 0 FW13-e088 60
7124 0 FW13-e091 0
7124 0 FW13-e095 0
7124 0 FW13-e098 0
7124 0 FW13-e101 0
7124 0 FW13-e102 0
7124 0 FW13-e103 0
7124 0 FW13-e106 0
7124 0 FW13-e107 0
7124 0 FW13-e109 0
7124 0 FW13-e113 5
7124 0 FW13-e114 0
7124 0 FW13-e117 5
7124 0 FW13-e118 0
7124 0 FW13-e121 28
7124 0 FW13-e122 10
7124 0 FW13-e123 13
7124 0 FW13-e129 0
7124 0 FW13-e130 0
7124 0 FW13-e131 0
7124 0 FW13-e132 48
7124 0 FW13-e140 5
7124 0 FW13-e146 0
7124 0 FW13-e147 0
7124 0 FW13-e148 0
7124 0 FW13-e153 0
7124 0 FW13-e156 0
7124 0 FW13-e162 0
7124 0 FW13-e166 0
7124 0 FW13-e167 0
7124 0 FW13-e171 0
7124 0 FW13-e172 0
7124 0 FW13-e174 13
7124 0 FW13-e175 70
7124 0 FW13-e176 15
7124 0 FW13-e178 0
7124 0 FW13-e179 0
7124 0 FW13-e181 0
7124 0 FW13-e182 10
7124 0 FW13-e184 8
7124 0 FW13-e185 48
7124 0 FW13-e200 8
7127 0 FW13-e002 0
7127 0 FW13-e004 0
7127 0 FW13-e009 0
7127 0 FW13-e010 0
7127 0 FW13-e012 0
7127 0 FW13-e013 0
7127 0 FW13-e014 0
7127 0 FW13-e016 0
7127 0 FW13-e019 0
7127 0 FW13-e021 0
7127 0 FW13-e022 0
7127 0 FW13-e023 0
7127 0 FW13-e026 0
7127 0 FW13-e029 0
7127 0 FW13-e033 0
7127 0 FW13-e034 3
7127 0 FW13-e037 0
7127 0 FW13-e041 0
7127 0 FW13-e043 0
7127 0 FW13-e044 0
7127 0 FW13-e047 0
7127 0 FW13-e049 0
7127 0 FW13-e050 0
7127 0 FW13-e052 13
7127 0 FW13-e055 10
7127 0 FW13-e057 0
7127 0 FW13-e062 0
7127 0 FW13-e063 0
7127 0 FW13-e066 0
7127 0 FW13-e067 0
7127 0 FW13-e071 0
7127 0 FW13-e076 0
7127 0 FW13-e085 0
7127 0 FW13-e086 0
7127 0 FW13-e087 0
7127 0 FW13-e088 20
7127 0 FW13-e091 0
7127 0 FW13-e095 0
7127 0 FW13-e098 0
7127 0 FW13-e101 0
7127 0 FW13-e102 0
7127 0 FW13-e103 0
7127 0 FW13-e106 0
7127 0 FW13-e107 0
7127 0 FW13-e109 0
7127 0 FW13-e113 0
7127 0 FW13-e114 0
7127 0 FW13-e118 0
7127 0 FW13-e123 0
7127 0 FW13-e128 3
7127 0 FW13-e129 0
7127 0 FW13-e132 68
7127 0 FW13-e133 0
7127 0 FW13-e139 0
7127 0 FW13-e140 0
7127 0 FW13-e143 0
7127 0 FW13-e144 0
7127 0 FW13-e146 0
7127 0 FW13-e148 0
7127 0 FW13-e156 5
7127 0 FW13-e162 0
7127 0 FW13-e164 0
7127 0 FW13-e166 0
7127 0 FW13-e167 0
7127 0 FW13-e168 0
7127 0 FW13-e169 0
7127 0 FW13-e171 0
7127 0 FW13-e172 0
7127 0 FW13-e174 0
7127 0 FW13-e175 20
7127 0 FW13-e176 0
7127 0 FW13-e179 0
7127 0 FW13-e181 0
7127 0 FW13-e182 0
7127 0 FW13-e184 0
7127 0 FW13-e185 68
7127 0 FW13-e200 13
7129 0 FW13-e002 0
7129 0 FW13-e003 0
7129 0 FW13-e004 0
7129 0 FW13-e008 0
7129 0 FW13-e009 0
7129 0 FW13-e011 0
7129 0 FW13-e012 0
7129 0 FW13-e013 0
7129 0 FW13-e014 0
7129 0 FW13-e016 0
7129 0 FW13-e019 0
7129 0 FW13-e021 10
7129 0 FW13-e022 0
7129 0 FW13-e023 20
7129 0 FW13-e026 0
7129 0 FW13-e029 0
7129 0 FW13-e030 0
7129 0 FW13-e034 0
7129 0 FW13-e041 0
7129 0 FW13-e042 0
7129 0 FW13-e043 0
7129 0 FW13-e044 0
7129 0 FW13-e045 0
7129 0 FW13-e047 0
7129 0 FW13-e049 0
7129 0 FW13-e050 0
7129 0 FW13-e052 18
7129 0 FW13-e055 0
7129 0 FW13-e057 10
7129 0 FW13-e062 8
7129 0 FW13-e063 0
7129 0 FW13-e066 0
7129 0 FW13-e067 0
7129 0 FW13-e070 0
7129 0 FW13-e071 0
7129 0 FW13-e079 0
7129 0 FW13-e085 0
7129 0 FW13-e086 0
7129 0 FW13-e087 0
7129 0 FW13-e088 18
7129 0 FW13-e091 0
7129 0 FW13-e095 0
7129 0 FW13-e098 0
7129 0 FW13-e102 0
7129 0 FW13-e103 0
7129 0 FW13-e107 0
7129 0 FW13-e109 0
7129 0 FW13-e110 0
7129 0 FW13-e111 0
7129 0 FW13-e112 0
7129 0 FW13-e113 0
7129 0 FW13-e114 0
7129 0 FW13-e118 0
7129 0 FW13-e121 0
7129 0 FW13-e122 0
7129 0 FW13-e123 10
7129 0 FW13-e126 0
7129 0 FW13-e127 5
7129 0 FW13-e128 0
7129 0 FW13-e129 0
7129 0 FW13-e130 0
7129 0 FW13-e131 0
7129 0 FW13-e132 65
7129 0 FW13-e134 0
7129 0 FW13-e140 0
7129 0 FW13-e143 13
7129 0 FW13-e146 0
7129 0 FW13-e147 0
7129 0 FW13-e148 0
7129 0 FW13-e153 0
7129 0 FW13-e156 30
7129 0 FW13-e161 0
7129 0 FW13-e162 0
7129 0 FW13-e164 0
7129 0 FW13-e165 0
7129 0 FW13-e166 0
7129 0 FW13-e167 0
7129 0 FW13-e168 0
7129 0 FW13-e169 0
7129 0 FW13-e171 0
7129 0 FW13-e172 0
7129 0 FW13-e174 0
7129 0 FW13-e175 25
7129 0 FW13-e176 5
7129 0 FW13-e179 0
7129 0 FW13-e181 0
7129 0 FW13-e182 0
7129 0 FW13-e184 0
7129 0 FW13-e185 68
7129 0 FW13-e200 57
7132 0 FW13-e002 0
7132 0 FW13-e004 0
7132 0 FW13-e005 0
7132 0 FW13-e008 0
7132 0 FW13-e009 0
7132 0 FW13-e012 0
7132 0 FW13-e013 0
7132 0 FW13-e014 0
7132 0 FW13-e016 0
7132 0 FW13-e017 0
7132 0 FW13-e019 0
7132 0 FW13-e021 0
7132 0 FW13-e022 0
7132 0 FW13-e023 13
7132 0 FW13-e026 0
7132 0 FW13-e027 0
7132 0 FW13-e029 0
7132 0 FW13-e030 0
7132 0 FW13-e033 0
7132 0 FW13-e034 0
7132 0 FW13-e039 0
7132 0 FW13-e041 0
7132 0 FW13-e042 0
7132 0 FW13-e043 0
7132 0 FW13-e044 0
7132 0 FW13-e049 0
7132 0 FW13-e050 0
7132 0 FW13-e052 75
7132 0 FW13-e055 78
7132 0 FW13-e057 8
7132 0 FW13-e062 20
7132 0 FW13-e063 0
7132 0 FW13-e066 0
7132 0 FW13-e067 0
7132 0 FW13-e070 0
7132 0 FW13-e071 0
7132 0 FW13-e072 0
7132 0 FW13-e075 0
7132 0 FW13-e076 0
7132 0 FW13-e079 3
7132 0 FW13-e080 0
7132 0 FW13-e081 0
7132 0 FW13-e085 0
7132 0 FW13-e086 0
7132 0 FW13-e087 0
7132 0 FW13-e088 73
7132 0 FW13-e091 0
7132 0 FW13-e095 0
7132 0 FW13-e098 0
7132 0 FW13-e101 0
7132 0 FW13-e102 0
7132 0 FW13-e103 0
7132 0 FW13-e106 0
7132 0 FW13-e109 0
7132 0 FW13-e110 0
7132 0 FW13-e112 0
7132 0 FW13-e113 0
7132 0 FW13-e114 0
7132 0 FW13-e118 0
7132 0 FW13-e122 0
7132 0 FW13-e123 8
7132 0 FW13-e128 0
7132 0 FW13-e129 0
7132 0 FW13-e131 0
7132 0 FW13-e132 85
7132 0 FW13-e134 0
7132 0 FW13-e140 0
7132 0 FW13-e141 0
7132 0 FW13-e143 0
7132 0 FW13-e146 0
7132 0 FW13-e147 0
7132 0 FW13-e148 0
7132 0 FW13-e153 0
7132 0 FW13-e156 0
7132 0 FW13-e162 0
7132 0 FW13-e164 0
7132 0 FW13-e166 0
7132 0 FW13-e167 0
7132 0 FW13-e168 0
7132 0 FW13-e169 0
7132 0 FW13-e171 0
7132 0 FW13-e172 0
7132 0 FW13-e174 0
7132 0 FW13-e175 75
7132 0 FW13-e176 90
7132 0 FW13-e179 0
7132 0 FW13-e181 0
7132 0 FW13-e182 0
7132 0 FW13-e184 0
7132 0 FW13-e185 83
7132 0 FW13-e200 90
7145 0 FW13-e002 0
7145 0 FW13-e012 0
7145 0 FW13-e013 0
7145 0 FW13-e016 0
7145 0 FW13-e019 0
7145 0 FW13-e021 0
7145 0 FW13-e022 20
7145 0 FW13-e023 53
7145 0 FW13-e025 5
7145 0 FW13-e026 40
7145 0 FW13-e027 0
7145 0 FW13-e028 0
7145 0 FW13-e029 0
7145 0 FW13-e030 0
7145 0 FW13-e032 0
7145 0 FW13-e033 0
7145 0 FW13-e034 8
7145 0 FW13-e039 0
7145 0 FW13-e041 0
7145 0 FW13-e042 0
7145 0 FW13-e043 0
7145 0 FW13-e044 0
7145 0 FW13-e045 0
7145 0 FW13-e047 0
7145 0 FW13-e049 0
7145 0 FW13-e050 30
7145 0 FW13-e052 48
7145 0 FW13-e055 40
7145 0 FW13-e057 40
7145 0 FW13-e062 35
7145 0 FW13-e066 0
7145 0 FW13-e067 0
7145 0 FW13-e071 0
7145 0 FW13-e076 0
7145 0 FW13-e085 0
7145 0 FW13-e086 0
7145 0 FW13-e087 0
7145 0 FW13-e088 38
7145 0 FW13-e090 0
7145 0 FW13-e091 0
7145 0 FW13-e095 0
7145 0 FW13-e101 0
7145 0 FW13-e102 0
7145 0 FW13-e103 0
7145 0 FW13-e104 3
7145 0 FW13-e106 0
7145 0 FW13-e107 3
7145 0 FW13-e109 0
7145 0 FW13-e110 0
7145 0 FW13-e113 0
7145 0 FW13-e114 0
7145 0 FW13-e117 0
7145 0 FW13-e118 0
7145 0 FW13-e122 3
7145 0 FW13-e123 28
7145 0 FW13-e128 3
7145 0 FW13-e129 0
7145 0 FW13-e130 8
7145 0 FW13-e131 0
7145 0 FW13-e132 53
7145 0 FW13-e133 0
7145 0 FW13-e134 0
7145 0 FW13-e136 0
7145 0 FW13-e137 0
7145 0 FW13-e138 0
7145 0 FW13-e140 0
7145 0 FW13-e141 0
7145 0 FW13-e143 0
7145 0 FW13-e144 0
7145 0 FW13-e145 0
7145 0 FW13-e146 0
7145 0 FW13-e147 0
7145 0 FW13-e148 0
7145 0 FW13-e153 30
7145 0 FW13-e156 0
7145 0 FW13-e162 0
7145 0 FW13-e164 0
7145 0 FW13-e166 0
7145 0 FW13-e167 0
7145 0 FW13-e169 0
7145 0 FW13-e171 0
7145 0 FW13-e172 0
7145 0 FW13-e174 3
7145 0 FW13-e175 45
7145 0 FW13-e176 38
7145 0 FW13-e179 0
7145 0 FW13-e181 5
7145 0 FW13-e182 28
7145 0 FW13-e184 0
7145 0 FW13-e185 50
7145 0 FW13-e200 43
7209 0 FW13-e002 0
7209 0 FW13-e004 0
7209 0 FW13-e005 0
7209 0 FW13-e012 0
7209 0 FW13-e013 0
7209 0 FW13-e016 0
7209 0 FW13-e019 0
7209 0 FW13-e021 33
7209 0 FW13-e022 50
7209 0 FW13-e023 30
7209 0 FW13-e026 48
7209 0 FW13-e027 0
7209 0 FW13-e029 0
7209 0 FW13-e030 0
7209 0 FW13-e034 0
7209 0 FW13-e041 0
7209 0 FW13-e043 0
7209 0 FW13-e044 0
7209 0 FW13-e045 0
7209 0 FW13-e047 0
7209 0 FW13-e049 0
7209 0 FW13-e050 45
7209 0 FW13-e052 50
7209 0 FW13-e055 28
7209 0 FW13-e057 35
7209 0 FW13-e062 13
7209 0 FW13-e063 0
7209 0 FW13-e066 0
7209 0 FW13-e070 0
7209 0 FW13-e071 0
7209 0 FW13-e075 0
7209 0 FW13-e076 0
7209 0 FW13-e085 0
7209 0 FW13-e086 3
7209 0 FW13-e087 0
7209 0 FW13-e088 50
7209 0 FW13-e091 0
7209 0 FW13-e095 0
7209 0 FW13-e101 3
7209 0 FW13-e102 0
7209 0 FW13-e103 0
7209 0 FW13-e104 0
7209 0 FW13-e109 0
7209 0 FW13-e113 0
7209 0 FW13-e114 0
7209 0 FW13-e115 0
7209 0 FW13-e117 0
7209 0 FW13-e118 0
7209 0 FW13-e121 0
7209 0 FW13-e122 3
7209 0 FW13-e123 25
7209 0 FW13-e124 0
7209 0 FW13-e128 5
7209 0 FW13-e129 0
7209 0 FW13-e130 0
7209 0 FW13-e131 0
7209 0 FW13-e132 65
7209 0 FW13-e133 0
7209 0 FW13-e135 50
7209 0 FW13-e136 45
7209 0 FW13-e137 33
7209 0 FW13-e138 10
7209 0 FW13-e139 10
7209 0 FW13-e140 0
7209 0 FW13-e141 0
7209 0 FW13-e143 0
7209 0 FW13-e146 0
7209 0 FW13-e147 0
7209 0 FW13-e148 0
7209 0 FW13-e153 0
7209 0 FW13-e156 10
7209 0 FW13-e162 0
7209 0 FW13-e166 0
7209 0 FW13-e167 0
7209 0 FW13-e169 0
7209 0 FW13-e172 0
7209 0 FW13-e174 25
7209 0 FW13-e175 50
7209 0 FW13-e176 60
7209 0 FW13-e179 5
7209 0 FW13-e181 0
7209 0 FW13-e182 50
7209 0 FW13-e185 60
7209 0 FW13-e200 5
7258 0 FW13-e002 0
7258 0 FW13-e004 0
7258 0 FW13-e009 0
7258 0 FW13-e010 0
7258 0 FW13-e011 0
7258 0 FW13-e012 0
7258 0 FW13-e013 0
7258 0 FW13-e014 0
7258 0 FW13-e016 0
7258 0 FW13-e021 0
7258 0 FW13-e022 25
7258 0 FW13-e023 0
7258 0 FW13-e026 15
7258 0 FW13-e027 0
7258 0 FW13-e029 0
7258 0 FW13-e033 0
7258 0 FW13-e034 5
7258 0 FW13-e037 0
7258 0 FW13-e041 0
7258 0 FW13-e043 0
7258 0 FW13-e044 0
7258 0 FW13-e045 0
7258 0 FW13-e049 0
7258 0 FW13-e050 0
7258 0 FW13-e052 25
7258 0 FW13-e055 3
7258 0 FW13-e057 0
7258 0 FW13-e062 0
7258 0 FW13-e063 0
7258 0 FW13-e066 0
7258 0 FW13-e085 0
7258 0 FW13-e086 0
7258 0 FW13-e087 0
7258 0 FW13-e088 23
7258 0 FW13-e091 0
7258 0 FW13-e095 0
7258 0 FW13-e101 0
7258 0 FW13-e102 0
7258 0 FW13-e103 0
7258 0 FW13-e107 0
7258 0 FW13-e109 0
7258 0 FW13-e113 0
7258 0 FW13-e114 0
7258 0 FW13-e118 0
7258 0 FW13-e121 0
7258 0 FW13-e122 0
7258 0 FW13-e123 0
7258 0 FW13-e124 0
7258 0 FW13-e128 0
7258 0 FW13-e129 0
7258 0 FW13-e130 0
7258 0 FW13-e132 35
7258 0 FW13-e133 0
7258 0 FW13-e134 0
7258 0 FW13-e136 10
7258 0 FW13-e140 0
7258 0 FW13-e141 0
7258 0 FW13-e143 0
7258 0 FW13-e144 0
7258 0 FW13-e146 0
7258 0 FW13-e148 0
7258 0 FW13-e153 0
7258 0 FW13-e156 0
7258 0 FW13-e162 0
7258 0 FW13-e166 0
7258 0 FW13-e167 0
7258 0 FW13-e169 0
7258 0 FW13-e172 0
7258 0 FW13-e174 0
7258 0 FW13-e175 23
7258 0 FW13-e176 23
7258 0 FW13-e179 0
7258 0 FW13-e181 0
7258 0 FW13-e182 40
7258 0 FW13-e184 0
7258 0 FW13-e185 35
7258 0 FW13-e200 18
7348 0 FW13-e001 0
7348 0 FW13-e002 0
7348 0 FW13-e003 0
7348 0 FW13-e004 0
7348 0 FW13-e006 0
7348 0 FW13-e007 0
7348 0 FW13-e009 0
7348 0 FW13-e010 0
7348 0 FW13-e012 0
7348 0 FW13-e013 0
7348 0 FW13-e015 0
7348 0 FW13-e016 0
7348 0 FW13-e017 0
7348 0 FW13-e018 0
7348 0 FW13-e019 0
7348 0 FW13-e021 0
7348 0 FW13-e022 3
7348 0 FW13-e023 0
7348 0 FW13-e025 0
7348 0 FW13-e026 0
7348 0 FW13-e027 0
7348 0 FW13-e028 0
7348 0 FW13-e029 3
7348 0 FW13-e032 0
7348 0 FW13-e033 3
7348 0 FW13-e034 3
7348 0 FW13-e036 0
7348 0 FW13-e037 0
7348 0 FW13-e038 0
7348 0 FW13-e039 0
7348 0 FW13-e041 0
7348 0 FW13-e042 0
7348 0 FW13-e043 0
7348 0 FW13-e044 0
7348 0 FW13-e045 0
7348 0 FW13-e047 0
7348 0 FW13-e048 0
7348 0 FW13-e049 0
7348 0 FW13-e050 15
7348 0 FW13-e052 15
7348 0 FW13-e057 10
7348 0 FW13-e062 20
7348 0 FW13-e063 0
7348 0 FW13-e065 0
7348 0 FW13-e066 0
7348 0 FW13-e067 0
7348 0 FW13-e070 0
7348 0 FW13-e071 0
7348 0 FW13-e072 0
7348 0 FW13-e075 0
7348 0 FW13-e076 0
7348 0 FW13-e077 0
7348 0 FW13-e079 0
7348 0 FW13-e080 0
7348 0 FW13-e081 0
7348 0 FW13-e085 0
7348 0 FW13-e086 0
7348 0 FW13-e087 5
7348 0 FW13-e088 33
7348 0 FW13-e089 0
7348 0 FW13-e090 0
7348 0 FW13-e091 0
7348 0 FW13-e092 0
7348 0 FW13-e093 3
7348 0 FW13-e095 0
7348 0 FW13-e098 0
7348 0 FW13-e101 0
7348 0 FW13-e102 0
7348 0 FW13-e103 3
7348 0 FW13-e104 0
7348 0 FW13-e106 3
7348 0 FW13-e107 0
7348 0 FW13-e108 0
7348 0 FW13-e109 0
7348 0 FW13-e110 3
7348 0 FW13-e111 0
7348 0 FW13-e112 0
7348 0 FW13-e113 0
7348 0 FW13-e114 23
7348 0 FW13-e115 0
7348 0 FW13-e117 0
7348 0 FW13-e118 0
7348 0 FW13-e119 0
7348 0 FW13-e120 0
7348 0 FW13-e121 3
7348 0 FW13-e122 45
7348 0 FW13-e123 13
7348 0 FW13-e126 3
7348 0 FW13-e128 0
7348 0 FW13-e129 0
7348 0 FW13-e130 0
7348 0 FW13-e131 0
7348 0 FW13-e132 60
7348 0 FW13-e134 0
7348 0 FW13-e138 0
7348 0 FW13-e139 0
7348 0 FW13-e140 0
7348 0 FW13-e141 0
7348 0 FW13-e142 0
7348 0 FW13-e143 0
7348 0 FW13-e144 0
7348 0 FW13-e145 0
7348 0 FW13-e146 0
7348 0 FW13-e147 0
7348 0 FW13-e148 0
7348 0 FW13-e152 0
7348 0 FW13-e153 0
7348 0 FW13-e154 0
7348 0 FW13-e156 0
7348 0 FW13-e157 0
7348 0 FW13-e159 0
7348 0 FW13-e162 0
7348 0 FW13-e163 0
7348 0 FW13-e164 0
7348 0 FW13-e165 0
7348 0 FW13-e166 0
7348 0 FW13-e167 0
7348 0 FW13-e168 0
7348 0 FW13-e169 0
7348 0 FW13-e171 0
7348 0 FW13-e172 0
7348 0 FW13-e174 0
7348 0 FW13-e175 45
7348 0 FW13-e176 0
7348 0 FW13-e178 0
7348 0 FW13-e179 0
7348 0 FW13-e181 0
7348 0 FW13-e182 3
7348 0 FW13-e185 60
7348 0 FW13-e200 65
7404 0 FW13-e001 0
7404 0 FW13-e002 0
7404 0 FW13-e003 0
7404 0 FW13-e004 0
7404 0 FW13-e007 0
7404 0 FW13-e011 0
7404 0 FW13-e013 0
7404 0 FW13-e014 0
7404 0 FW13-e016 0
7404 0 FW13-e017 0
7404 0 FW13-e018 0
7404 0 FW13-e019 0
7404 0 FW13-e020 10
7404 0 FW13-e021 30
7404 0 FW13-e022 23
7404 0 FW13-e023 40
7404 0 FW13-e025 18
7404 0 FW13-e026 13
7404 0 FW13-e027 0
7404 0 FW13-e028 23
7404 0 FW13-e029 25
7404 0 FW13-e030 5
7404 0 FW13-e032 8
7404 0 FW13-e033 0
7404 0 FW13-e034 20
7404 0 FW13-e037 0
7404 0 FW13-e039 0
7404 0 FW13-e041 30
7404 0 FW13-e042 28
7404 0 FW13-e044 0
7404 0 FW13-e045 0
7404 0 FW13-e049 0
7404 0 FW13-e050 30
7404 0 FW13-e052 25
7404 0 FW13-e055 13
7404 0 FW13-e057 33
7404 0 FW13-e062 10
7404 0 FW13-e063 0
7404 0 FW13-e066 0
7404 0 FW13-e067 0
7404 0 FW13-e076 0
7404 0 FW13-e079 0
7404 0 FW13-e082 3
7404 0 FW13-e083 0
7404 0 FW13-e086 0
7404 0 FW13-e087 8
7404 0 FW13-e088 50
7404 0 FW13-e090 0
7404 0 FW13-e091 0
7404 0 FW13-e095 0
7404 0 FW13-e100 0
7404 0 FW13-e101 18
7404 0 FW13-e102 30
7404 0 FW13-e103 45
7404 0 FW13-e104 5
7404 0 FW13-e106 15
7404 0 FW13-e107 38
7404 0 FW13-e108 3
7404 0 FW13-e109 5
7404 0 FW13-e110 5
7404 0 FW13-e111 0
7404 0 FW13-e112 0
7404 0 FW13-e113 3
7404 0 FW13-e114 20
7404 0 FW13-e121 5
7404 0 FW13-e122 20
7404 0 FW13-e123 20
7404 0 FW13-e124 20
7404 0 FW13-e126 13
7404 0 FW13-e127 13
7404 0 FW13-e128 3
7404 0 FW13-e129 0
7404 0 FW13-e130 8
7404 0 FW13-e131 0
7404 0 FW13-e132 45
7404 0 FW13-e134 3
7404 0 FW13-e140 10
7404 0 FW13-e142 0
7404 0 FW13-e143 0
7404 0 FW13-e144 13
7404 0 FW13-e145 23
7404 0 FW13-e146 0
7404 0 FW13-e147 13
7404 0 FW13-e148 3
7404 0 FW13-e153 18
7404 0 FW13-e154 0
7404 0 FW13-e156 5
7404 0 FW13-e159 48
7404 0 FW13-e161 40
7404 0 FW13-e162 40
7404 0 FW13-e163 0
7404 0 FW13-e164 20
7404 0 FW13-e165 65
7404 0 FW13-e166 0
7404 0 FW13-e167 0
7404 0 FW13-e168 0
7404 0 FW13-e169 0
7404 0 FW13-e170 38
7404 0 FW13-e171 0
7404 0 FW13-e172 0
7404 0 FW13-e174 28
7404 0 FW13-e175 45
7404 0 FW13-e176 43
7404 0 FW13-e178 33
7404 0 FW13-e179 5
7404 0 FW13-e181 0
7404 0 FW13-e182 20
7404 0 FW13-e184 10
7404 0 FW13-e185 50
7404 0 FW13-e200 20
7406 0 FW13-e002 0
7406 0 FW13-e009 0
7406 0 FW13-e010 0
7406 0 FW13-e012 0
7406 0 FW13-e013 3
7406 0 FW13-e014 0
7406 0 FW13-e016 0
7406 0 FW13-e017 0
7406 0 FW13-e019 0
7406 0 FW13-e021 30
7406 0 FW13-e022 18
7406 0 FW13-e023 10
7406 0 FW13-e026 3
7406 0 FW13-e027 0
7406 0 FW13-e029 0
7406 0 FW13-e030 0
7406 0 FW13-e033 0
7406 0 FW13-e034 8
7406 0 FW13-e039 0
7406 0 FW13-e041 0
7406 0 FW13-e043 0
7406 0 FW13-e044 0
7406 0 FW13-e045 0
7406 0 FW13-e047 0
7406 0 FW13-e049 0
7406 0 FW13-e050 23
7406 0 FW13-e052 25
7406 0 FW13-e055 0
7406 0 FW13-e057 35
7406 0 FW13-e062 10
7406 0 FW13-e063 8
7406 0 FW13-e065 3
7406 0 FW13-e066 0
7406 0 FW13-e067 8
7406 0 FW13-e068 0
7406 0 FW13-e070 5
7406 0 FW13-e071 38
7406 0 FW13-e072 0
7406 0 FW13-e075 0
7406 0 FW13-e076 15
7406 0 FW13-e085 0
7406 0 FW13-e086 5
7406 0 FW13-e087 0
7406 0 FW13-e088 40
7406 0 FW13-e091 0
7406 0 FW13-e095 0
7406 0 FW13-e101 8
7406 0 FW13-e102 0
7406 0 FW13-e103 0
7406 0 FW13-e106 0
7406 0 FW13-e107 0
7406 0 FW13-e109 0
7406 0 FW13-e110 0
7406 0 FW13-e111 3
7406 0 FW13-e113 0
7406 0 FW13-e114 0
7406 0 FW13-e118 0
7406 0 FW13-e121 0
7406 0 FW13-e122 0
7406 0 FW13-e123 5
7406 0 FW13-e128 5
7406 0 FW13-e129 28
7406 0 FW13-e130 0
7406 0 FW13-e132 43
7406 0 FW13-e133 0
7406 0 FW13-e134 0
7406 0 FW13-e135 0
7406 0 FW13-e136 0
7406 0 FW13-e138 0
7406 0 FW13-e140 0
7406 0 FW13-e141 0
7406 0 FW13-e143 0
7406 0 FW13-e144 0
7406 0 FW13-e146 0
7406 0 FW13-e147 0
7406 0 FW13-e148 0
7406 0 FW13-e153 8
7406 0 FW13-e156 0
7406 0 FW13-e162 0
7406 0 FW13-e165 0
7406 0 FW13-e166 0
7406 0 FW13-e167 0
7406 0 FW13-e169 0
7406 0 FW13-e171 0
7406 0 FW13-e172 0
7406 0 FW13-e174 5
7406 0 FW13-e175 57
7406 0 FW13-e176 20
7406 0 FW13-e178 0
7406 0 FW13-e179 5
7406 0 FW13-e181 0
7406 0 FW13-e182 20
7406 0 FW13-e184 0
7406 0 FW13-e185 40
7406 0 FW13-e200 40
7407 0 FW13-e002 0
7407 0 FW13-e004 0
7407 0 FW13-e005 0
7407 0 FW13-e011 0
7407 0 FW13-e012 0
7407 0 FW13-e019 0
7407 0 FW13-e020 3
7407 0 FW13-e021 68
7407 0 FW13-e022 88
7407 0 FW13-e023 85
7407 0 FW13-e025 13
7407 0 FW13-e026 43
7407 0 FW13-e029 0
7407 0 FW13-e034 3
7407 0 FW13-e037 0
7407 0 FW13-e038 43
7407 0 FW13-e039 33
7407 0 FW13-e041 28
7407 0 FW13-e042 75
7407 0 FW13-e044 0
7407 0 FW13-e045 0
7407 0 FW13-e049 0
7407 0 FW13-e050 25
7407 0 FW13-e052 48
7407 0 FW13-e055 20
7407 0 FW13-e057 33
7407 0 FW13-e062 80
7407 0 FW13-e066 0
7407 0 FW13-e067 0
7407 0 FW13-e071 0
7407 0 FW13-e085 0
7407 0 FW13-e086 0
7407 0 FW13-e087 0
7407 0 FW13-e091 0
7407 0 FW13-e095 0
7407 0 FW13-e098 18
7407 0 FW13-e101 57
7407 0 FW13-e102 0
7407 0 FW13-e103 93
7407 0 FW13-e104 0
7407 0 FW13-e106 0
7407 0 FW13-e107 35
7407 0 FW13-e109 3
7407 0 FW13-e113 25
7407 0 FW13-e114 30
7407 0 FW13-e118 0
7407 0 FW13-e121 3
7407 0 FW13-e122 43
7407 0 FW13-e123 48
7407 0 FW13-e126 8
7407 0 FW13-e129 0
7407 0 FW13-e130 25
7407 0 FW13-e132 90
7407 0 FW13-e140 3
7407 0 FW13-e141 0
7407 0 FW13-e143 0
7407 0 FW13-e146 3
7407 0 FW13-e147 13
7407 0 FW13-e148 13
7407 0 FW13-e153 20
7407 0 FW13-e156 25
7407 0 FW13-e157 0
7407 0 FW13-e161 13
7407 0 FW13-e162 8
7407 0 FW13-e163 0
7407 0 FW13-e164 0
7407 0 FW13-e165 5
7407 0 FW13-e166 0
7407 0 FW13-e167 0
7407 0 FW13-e170 53
7407 0 FW13-e172 0
7407 0 FW13-e174 60
7407 0 FW13-e175 60
7407 0 FW13-e176 70
7407 0 FW13-e178 90
7407 0 FW13-e179 88
7407 0 FW13-e182 5
7407 0 FW13-e184 13
7407 0 FW13-e185 80
7415 0 FW13-e002 0
7415 0 FW13-e004 0
7415 0 FW13-e005 0
7415 0 FW13-e009 0
7415 0 FW13-e011 0
7415 0 FW13-e012 0
7415 0 FW13-e013 0
7415 0 FW13-e014 0
7415 0 FW13-e016 0
7415 0 FW13-e017 0
7415 0 FW13-e018 0
7415 0 FW13-e019 0
7415 0 FW13-e021 25
7415 0 FW13-e022 53
7415 0 FW13-e023 45
7415 0 FW13-e029 0
7415 0 FW13-e033 0
7415 0 FW13-e034 3
7415 0 FW13-e038 0
7415 0 FW13-e039 8
7415 0 FW13-e041 0
7415 0 FW13-e042 0
7415 0 FW13-e043 0
7415 0 FW13-e044 0
7415 0 FW13-e045 0
7415 0 FW13-e047 0
7415 0 FW13-e049 0
7415 0 FW13-e050 33
7415 0 FW13-e052 57
7415 0 FW13-e055 0
7415 0 FW13-e057 0
7415 0 FW13-e062 55
7415 0 FW13-e063 0
7415 0 FW13-e066 0
7415 0 FW13-e067 0
7415 0 FW13-e070 0
7415 0 FW13-e071 0
7415 0 FW13-e072 0
7415 0 FW13-e076 0
7415 0 FW13-e085 0
7415 0 FW13-e086 0
7415 0 FW13-e087 0
7415 0 FW13-e088 65
7415 0 FW13-e090 0
7415 0 FW13-e091 0
7415 0 FW13-e095 0
7415 0 FW13-e098 3
7415 0 FW13-e101 3
7415 0 FW13-e102 0
7415 0 FW13-e103 0
7415 0 FW13-e104 0
7415 0 FW13-e106 0
7415 0 FW13-e109 0
7415 0 FW13-e112 3
7415 0 FW13-e113 3
7415 0 FW13-e114 0
7415 0 FW13-e118 0
7415 0 FW13-e122 0
7415 0 FW13-e123 43
7415 0 FW13-e128 0
7415 0 FW13-e129 0
7415 0 FW13-e130 3
7415 0 FW13-e132 40
7415 0 FW13-e134 0
7415 0 FW13-e136 0
7415 0 FW13-e140 5
7415 0 FW13-e141 0
7415 0 FW13-e143 0
7415 0 FW13-e144 0
7415 0 FW13-e146 0
7415 0 FW13-e147 0
7415 0 FW13-e148 0
7415 0 FW13-e153 28
7415 0 FW13-e156 0
7415 0 FW13-e159 0
7415 0 FW13-e162 0
7415 0 FW13-e163 0
7415 0 FW13-e164 0
7415 0 FW13-e165 0
7415 0 FW13-e166 0
7415 0 FW13-e167 5
7415 0 FW13-e168 0
7415 0 FW13-e169 3
7415 0 FW13-e170 0
7415 0 FW13-e171 10
7415 0 FW13-e172 0
7415 0 FW13-e174 15
7415 0 FW13-e175 70
7415 0 FW13-e176 45
7415 0 FW13-e178 3
7415 0 FW13-e179 8
7415 0 FW13-e181 0
7415 0 FW13-e182 15
7415 0 FW13-e184 0
7415 0 FW13-e185 45
7415 0 FW13-e200 48
7465 0 FW13-e002 0
7465 0 FW13-e004 0
7465 0 FW13-e010 0
7465 0 FW13-e011 0
7465 0 FW13-e013 0
7465 0 FW13-e021 0
7465 0 FW13-e022 25
7465 0 FW13-e023 48
7465 0 FW13-e026 0
7465 0 FW13-e029 0
7465 0 FW13-e032 0
7465 0 FW13-e034 0
7465 0 FW13-e039 0
7465 0 FW13-e041 0
7465 0 FW13-e043 0
7465 0 FW13-e044 0
7465 0 FW13-e045 0
7465 0 FW13-e047 0
7465 0 FW13-e049 0
7465 0 FW13-e050 0
7465 0 FW13-e052 30
7465 0 FW13-e055 8
7465 0 FW13-e057 0
7465 0 FW13-e062 0
7465 0 FW13-e066 0
7465 0 FW13-e085 0
7465 0 FW13-e086 0
7465 0 FW13-e087 0
7465 0 FW13-e088 35
7465 0 FW13-e091 0
7465 0 FW13-e095 0
7465 0 FW13-e103 28
7465 0 FW13-e107 0
7465 0 FW13-e123 0
7465 0 FW13-e128 0
7465 0 FW13-e129 0
7465 0 FW13-e132 15
7465 0 FW13-e140 0
7465 0 FW13-e143 0
7465 0 FW13-e146 0
7465 0 FW13-e148 0
7465 0 FW13-e162 0
7465 0 FW13-e166 0
7465 0 FW13-e167 0
7465 0 FW13-e169 0
7465 0 FW13-e174 0
7465 0 FW13-e175 28
7465 0 FW13-e176 15
7465 0 FW13-e179 0
7465 0 FW13-e182 13
7465 0 FW13-e185 23
7465 0 FW13-e200 10
7485 0 FW13-e002 0
7485 0 FW13-e004 0
7485 0 FW13-e005 0
7485 0 FW13-e009 0
7485 0 FW13-e010 0
7485 0 FW13-e011 0
7485 0 FW13-e012 0
7485 0 FW13-e013 0
7485 0 FW13-e014 0
7485 0 FW13-e016 0
7485 0 FW13-e019 0
7485 0 FW13-e020 0
7485 0 FW13-e021 0
7485 0 FW13-e022 0
7485 0 FW13-e023 13
7485 0 FW13-e026 5
7485 0 FW13-e027 0
7485 0 FW13-e029 0
7485 0 FW13-e030 0
7485 0 FW13-e033 0
7485 0 FW13-e034 0
7485 0 FW13-e038 0
7485 0 FW13-e039 0
7485 0 FW13-e041 0
7485 0 FW13-e042 0
7485 0 FW13-e043 0
7485 0 FW13-e044 0
7485 0 FW13-e045 0
7485 0 FW13-e047 0
7485 0 FW13-e049 0
7485 0 FW13-e050 20
7485 0 FW13-e052 15
7485 0 FW13-e055 0
7485 0 FW13-e057 10
7485 0 FW13-e062 15
7485 0 FW13-e063 0
7485 0 FW13-e066 0
7485 0 FW13-e070 0
7485 0 FW13-e071 0
7485 0 FW13-e076 0
7485 0 FW13-e079 0
7485 0 FW13-e082 0
7485 0 FW13-e085 0
7485 0 FW13-e086 0
7485 0 FW13-e087 0
7485 0 FW13-e088 15
7485 0 FW13-e091 0
7485 0 FW13-e095 0
7485 0 FW13-e101 0
7485 0 FW13-e102 0
7485 0 FW13-e103 0
7485 0 FW13-e106 0
7485 0 FW13-e107 0
7485 0 FW13-e109 0
7485 0 FW13-e110 0
7485 0 FW13-e113 0
7485 0 FW13-e114 3
7485 0 FW13-e118 0
7485 0 FW13-e122 0
7485 0 FW13-e123 0
7485 0 FW13-e126 0
7485 0 FW13-e128 0
7485 0 FW13-e129 13
7485 0 FW13-e130 0
7485 0 FW13-e132 10
7485 0 FW13-e140 0
7485 0 FW13-e143 0
7485 0 FW13-e146 0
7485 0 FW13-e147 0
7485 0 FW13-e148 0
7485 0 FW13-e153 8
7485 0 FW13-e156 0
7485 0 FW13-e161 0
7485 0 FW13-e162 0
7485 0 FW13-e164 0
7485 0 FW13-e166 0
7485 0 FW13-e167 0
7485 0 FW13-e169 0
7485 0 FW13-e171 0
7485 0 FW13-e172 0
7485 0 FW13-e174 13
7485 0 FW13-e175 10
7485 0 FW13-e176 3
7485 0 FW13-e179 0
7485 0 FW13-e181 0
7485 0 FW13-e182 0
7485 0 FW13-e184 0
7485 0 FW13-e185 10
7485 0 FW13-e200 10
7504 0 FW13-e001 0
7504 0 FW13-e002 0
7504 0 FW13-e003 0
7504 0 FW13-e004 0
7504 0 FW13-e005 0
7504 0 FW13-e006 0
7504 0 FW13-e007 0
7504 0 FW13-e009 0
7504 0 FW13-e010 0
7504 0 FW13-e012 0
7504 0 FW13-e013 0
7504 0 FW13-e014 0
7504 0 FW13-e016 0
7504 0 FW13-e017 0
7504 0 FW13-e019 0
7504 0 FW13-e021 3
7504 0 FW13-e022 3
7504 0 FW13-e023 43
7504 0 FW13-e026 0
7504 0 FW13-e027 0
7504 0 FW13-e029 0
7504 0 FW13-e030 0
7504 0 FW13-e033 0
7504 0 FW13-e034 0
7504 0 FW13-e037 0
7504 0 FW13-e039 0
7504 0 FW13-e041 0
7504 0 FW13-e042 0
7504 0 FW13-e043 0
7504 0 FW13-e044 0
7504 0 FW13-e045 0
7504 0 FW13-e049 0
7504 0 FW13-e050 0
7504 0 FW13-e052 10
7504 0 FW13-e055 0
7504 0 FW13-e057 0
7504 0 FW13-e062 0
7504 0 FW13-e063 0
7504 0 FW13-e066 0
7504 0 FW13-e067 0
7504 0 FW13-e070 0
7504 0 FW13-e071 0
7504 0 FW13-e072 0
7504 0 FW13-e075 0
7504 0 FW13-e076 0
7504 0 FW13-e085 0
7504 0 FW13-e086 0
7504 0 FW13-e087 0
7504 0 FW13-e088 10
7504 0 FW13-e091 0
7504 0 FW13-e095 0
7504 0 FW13-e098 30
7504 0 FW13-e099 0
7504 0 FW13-e100 0
7504 0 FW13-e101 0
7504 0 FW13-e102 0
7504 0 FW13-e103 60
7504 0 FW13-e104 0
7504 0 FW13-e107 5
7504 0 FW13-e109 0
7504 0 FW13-e110 0
7504 0 FW13-e113 0
7504 0 FW13-e114 0
7504 0 FW13-e115 0
7504 0 FW13-e117 0
7504 0 FW13-e118 0
7504 0 FW13-e122 0
7504 0 FW13-e123 0
7504 0 FW13-e124 0
7504 0 FW13-e128 0
7504 0 FW13-e129 0
7504 0 FW13-e130 0
7504 0 FW13-e132 57
7504 0 FW13-e134 0
7504 0 FW13-e140 0
7504 0 FW13-e141 0
7504 0 FW13-e143 0
7504 0 FW13-e145 0
7504 0 FW13-e146 0
7504 0 FW13-e148 0
7504 0 FW13-e153 25
7504 0 FW13-e154 0
7504 0 FW13-e156 0
7504 0 FW13-e162 0
7504 0 FW13-e166 0
7504 0 FW13-e167 0
7504 0 FW13-e169 0
7504 0 FW13-e171 0
7504 0 FW13-e172 0
7504 0 FW13-e174 0
7504 0 FW13-e175 25
7504 0 FW13-e176 25
7504 0 FW13-e179 0
7504 0 FW13-e181 0
7504 0 FW13-e182 3
7504 0 FW13-e184 0
7504 0 FW13-e185 68
7504 0 FW13-e200 43
7505 0 FW13-e002 0
7505 0 FW13-e004 3
7505 0 FW13-e006 0
7505 0 FW13-e007 0
7505 0 FW13-e009 0
7505 0 FW13-e012 0
7505 0 FW13-e013 3
7505 0 FW13-e014 0
7505 0 FW13-e016 0
7505 0 FW13-e017 0
7505 0 FW13-e018 3
7505 0 FW13-e021 65
7505 0 FW13-e022 65
7505 0 FW13-e023 65
7505 0 FW13-e026 35
7505 0 FW13-e027 0
7505 0 FW13-e028 3
7505 0 FW13-e029 3
7505 0 FW13-e030 0
7505 0 FW13-e033 3
7505 0 FW13-e034 8
7505 0 FW13-e037 0
7505 0 FW13-e039 0
7505 0 FW13-e041 0
7505 0 FW13-e042 3
7505 0 FW13-e044 0
7505 0 FW13-e045 0
7505 0 FW13-e049 0
7505 0 FW13-e050 10
7505 0 FW13-e052 75
7505 0 FW13-e055 25
7505 0 FW13-e057 5
7505 0 FW13-e062 23
7505 0 FW13-e063 0
7505 0 FW13-e066 0
7505 0 FW13-e067 0
7505 0 FW13-e072 0
7505 0 FW13-e079 0
7505 0 FW13-e080 0
7505 0 FW13-e085 0
7505 0 FW13-e086 0
7505 0 FW13-e087 0
7505 0 FW13-e088 55
7505 0 FW13-e091 0
7505 0 FW13-e095 0
7505 0 FW13-e098 5
7505 0 FW13-e101 80
7505 0 FW13-e102 8
7505 0 FW13-e103 75
7505 0 FW13-e106 8
7505 0 FW13-e107 50
7505 0 FW13-e109 5
7505 0 FW13-e110 0
7505 0 FW13-e113 0
7505 0 FW13-e114 5
7505 0 FW13-e115 0
7505 0 FW13-e117 0
7505 0 FW13-e118 0
7505 0 FW13-e121 0
7505 0 FW13-e122 3
7505 0 FW13-e123 10
7505 0 FW13-e124 0
7505 0 FW13-e128 0
7505 0 FW13-e129 0
7505 0 FW13-e130 0
7505 0 FW13-e132 45
7505 0 FW13-e133 0
7505 0 FW13-e134 0
7505 0 FW13-e140 0
7505 0 FW13-e141 0
7505 0 FW13-e143 0
7505 0 FW13-e144 0
7505 0 FW13-e145 0
7505 0 FW13-e146 0
7505 0 FW13-e148 0
7505 0 FW13-e153 40
7505 0 FW13-e156 0
7505 0 FW13-e161 0
7505 0 FW13-e165 0
7505 0 FW13-e166 0
7505 0 FW13-e167 0
7505 0 FW13-e169 0
7505 0 FW13-e172 0
7505 0 FW13-e174 0
7505 0 FW13-e175 23
7505 0 FW13-e176 68
7505 0 FW13-e178 10
7505 0 FW13-e179 0
7505 0 FW13-e181 8
7505 0 FW13-e182 23
7505 0 FW13-e184 10
7505 0 FW13-e185 30
7506 0 FW13-e002 0
7506 0 FW13-e004 0
7506 0 FW13-e005 0
7506 0 FW13-e009 0
7506 0 FW13-e012 0
7506 0 FW13-e013 0
7506 0 FW13-e016 0
7506 0 FW13-e019 0
7506 0 FW13-e021 0
7506 0 FW13-e022 15
7506 0 FW13-e023 50
7506 0 FW13-e026 5
7506 0 FW13-e029 0
7506 0 FW13-e030 0
7506 0 FW13-e033 0
7506 0 FW13-e034 0
7506 0 FW13-e038 5
7506 0 FW13-e039 0
7506 0 FW13-e041 0
7506 0 FW13-e043 0
7506 0 FW13-e044 0
7506 0 FW13-e045 0
7506 0 FW13-e047 0
7506 0 FW13-e049 0
7506 0 FW13-e050 0
7506 0 FW13-e052 30
7506 0 FW13-e055 0
7506 0 FW13-e057 0
7506 0 FW13-e062 0
7506 0 FW13-e063 0
7506 0 FW13-e066 0
7506 0 FW13-e067 0
7506 0 FW13-e070 0
7506 0 FW13-e071 0
7506 0 FW13-e072 0
7506 0 FW13-e076 0
7506 0 FW13-e085 0
7506 0 FW13-e086 0
7506 0 FW13-e087 0
7506 0 FW13-e091 0
7506 0 FW13-e095 0
7506 0 FW13-e101 5
7506 0 FW13-e102 0
7506 0 FW13-e103 35
7506 0 FW13-e104 0
7506 0 FW13-e107 0
7506 0 FW13-e109 0
7506 0 FW13-e113 0
7506 0 FW13-e114 0
7506 0 FW13-e118 0
7506 0 FW13-e122 10
7506 0 FW13-e123 0
7506 0 FW13-e128 0
7506 0 FW13-e129 0
7506 0 FW13-e132 40
7506 0 FW13-e133 0
7506 0 FW13-e140 0
7506 0 FW13-e141 0
7506 0 FW13-e143 0
7506 0 FW13-e144 0
7506 0 FW13-e146 0
7506 0 FW13-e147 0
7506 0 FW13-e148 0
7506 0 FW13-e153 20
7506 0 FW13-e156 0
7506 0 FW13-e161 0
7506 0 FW13-e162 0
7506 0 FW13-e164 0
7506 0 FW13-e165 0
7506 0 FW13-e166 0
7506 0 FW13-e167 0
7506 0 FW13-e168 0
7506 0 FW13-e169 0
7506 0 FW13-e171 0
7506 0 FW13-e172 0
7506 0 FW13-e174 10
7506 0 FW13-e175 35
7506 0 FW13-e176 0
7506 0 FW13-e178 0
7506 0 FW13-e179 0
7506 0 FW13-e181 0
7506 0 FW13-e182 5
7506 0 FW13-e184 0
7506 0 FW13-e185 40
7506 0 FW13-e200 40
