7015 0 FW14-e001 0
7015 0 FW14-e002 0
7015 0 FW14-e005 0
7015 0 FW14-e009 0
7015 0 FW14-e010 0
7015 0 FW14-e011 0
7015 0 FW14-e013 0
7015 0 FW14-e014 0
7015 0 FW14-e015 0
7015 0 FW14-e016 0
7015 0 FW14-e017 0
7015 0 FW14-e018 0
7015 0 FW14-e019 0
7015 0 FW14-e020 0
7015 0 FW14-e021 0
7015 0 FW14-e022 32
7015 0 FW14-e023 234
7015 0 FW14-e024 0
7015 0 FW14-e025 0
7015 0 FW14-e026 0
7015 0 FW14-e028 164
7015 0 FW14-e029 0
7015 0 FW14-e030 0
7015 0 FW14-e032 0
7015 0 FW14-e033 0
7015 0 FW14-e034 55
7015 0 FW14-e036 0
7015 0 FW14-e037 0
7015 0 FW14-e039 0
7015 0 FW14-e041 0
7015 0 FW14-e044 0
7015 0 FW14-e045 0
7015 0 FW14-e047 0
7015 0 FW14-e048 0
7015 0 FW14-e049 0
7015 0 FW14-e050 289
7015 0 FW14-e052 180
7015 0 FW14-e055 0
7015 0 FW14-e057 109
7015 0 FW14-e062 109
7015 0 FW14-e063 0
7015 0 FW14-e064 0
7015 0 FW14-e065 0
7015 0 FW14-e066 0
7015 0 FW14-e067 0
7015 0 FW14-e070 0
7015 0 FW14-e071 0
7015 0 FW14-e072 0
7015 0 FW14-e075 0
7015 0 FW14-e076 0
7015 0 FW14-e077 0
7015 0 FW14-e079 0
7015 0 FW14-e080 0
7015 0 FW14-e081 0
7015 0 FW14-e082 0
7015 0 FW14-e085 0
7015 0 FW14-e086 0
7015 0 FW14-e088 218
7015 0 FW14-e089 0
7015 0 FW14-e090 0
7015 0 FW14-e092 0
7015 0 FW14-e093 0
7015 0 FW14-e095 0
7015 0 FW14-e098 0
7015 0 FW14-e100 0
7015 0 FW14-e101 0
7015 0 FW14-e102 0
7015 0 FW14-e104 0
7015 0 FW14-e109 0
7015 0 FW14-e110 0
7015 0 FW14-e112 0
7015 0 FW14-e113 0
7015 0 FW14-e114 0
7015 0 FW14-e115 0
7015 0 FW14-e118 0
7015 0 FW14-e119 0
7015 0 FW14-e120 0
7015 0 FW14-e123 0
7015 0 FW14-e124 16
7015 0 FW14-e126 0
7015 0 FW14-e127 0
7015 0 FW14-e128 0
7015 0 FW14-e129 55
7015 0 FW14-e130 0
7015 0 FW14-e131 0
7015 0 FW14-e132 0
7015 0 FW14-e134 0
7015 0 FW14-e135 0
7015 0 FW14-e136 0
7015 0 FW14-e137 0
7015 0 FW14-e138 0
7015 0 FW14-e140 0
7015 0 FW14-e141 0
7015 0 FW14-e142 0
7015 0 FW14-e143 16
7015 0 FW14-e144 0
7015 0 FW14-e145 0
7015 0 FW14-e146 0
7015 0 FW14-e147 0
7015 0 FW14-e148 0
7015 0 FW14-e152 0
7015 0 FW14-e153 0
7015 0 FW14-e154 0
7015 0 FW14-e157 164
7015 0 FW14-e158 0
7015 0 FW14-e159 0
7015 0 FW14-e161 0
7015 0 FW14-e164 0
7015 0 FW14-e165 0
7015 0 FW14-e166 0
7015 0 FW14-e167 0
7015 0 FW14-e168 0
7015 0 FW14-e170 0
7015 0 FW14-e171 0
7015 0 FW14-e172 0
7015 0 FW14-e175 273
7015 0 FW14-e176 47
7015 0 FW14-e178 0
7015 0 FW14-e181 0
7015 0 FW14-e182 0
7015 0 FW14-e184 0
7015 0 FW14-e185 0
7015 0 FW14-e200 125
7044 0 FW14-e002 0
7044 0 FW14-e004 0
7044 0 FW14-e005 0
7044 0 FW14-e007 0
7044 0 FW14-e009 0
7044 0 FW14-e010 16
7044 0 FW14-e013 0
7044 0 FW14-e014 0
7044 0 FW14-e016 0
7044 0 FW14-e018 47
7044 0 FW14-e019 0
7044 0 FW14-e021 126
7044 0 FW14-e022 243
7044 0 FW14-e023 464
7044 0 FW14-e024 0
7044 0 FW14-e025 0
7044 0 FW14-e026 211
7044 0 FW14-e028 818
7044 0 FW14-e029 468
7044 0 FW14-e030 158
7044 0 FW14-e032 16
7044 0 FW14-e033 0
7044 0 FW14-e034 598
7044 0 FW14-e037 55
7044 0 FW14-e038 47
7044 0 FW14-e039 282
7044 0 FW14-e041 0
7044 0 FW14-e043 0
7044 0 FW14-e044 0
7044 0 FW14-e045 0
7044 0 FW14-e047 0
7044 0 FW14-e049 0
7044 0 FW14-e050 111
7044 0 FW14-e052 664
7044 0 FW14-e055 47
7044 0 FW14-e063 0
7044 0 FW14-e066 0
7044 0 FW14-e067 0
7044 0 FW14-e070 0
7044 0 FW14-e071 0
7044 0 FW14-e072 0
7044 0 FW14-e075 0
7044 0 FW14-e076 0
7044 0 FW14-e085 0
7044 0 FW14-e086 0
7044 0 FW14-e088 755
7044 0 FW14-e090 0
7044 0 FW14-e098 172
7044 0 FW14-e100 0
7044 0 FW14-e101 197
7044 0 FW14-e102 197
7044 0 FW14-e109 204
7044 0 FW14-e110 0
7044 0 FW14-e111 32
7044 0 FW14-e112 0
7044 0 FW14-e113 126
7044 0 FW14-e115 0
7044 0 FW14-e117 0
7044 0 FW14-e118 0
7044 0 FW14-e122 0
7044 0 FW14-e123 32
7044 0 FW14-e124 197
7044 0 FW14-e126 16
7044 0 FW14-e127 142
7044 0 FW14-e128 0
7044 0 FW14-e129 111
7044 0 FW14-e130 142
7044 0 FW14-e131 0
7044 0 FW14-e132 259
7044 0 FW14-e133 0
7044 0 FW14-e134 0
7044 0 FW14-e136 0
7044 0 FW14-e137 0
7044 0 FW14-e138 0
7044 0 FW14-e140 468
7044 0 FW14-e142 0
7044 0 FW14-e143 491
7044 0 FW14-e144 453
7044 0 FW14-e145 507
7044 0 FW14-e146 141
7044 0 FW14-e147 507
7044 0 FW14-e148 282
7044 0 FW14-e152 0
7044 0 FW14-e153 359
7044 0 FW14-e154 47
7044 0 FW14-e157 16
7044 0 FW14-e158 0
7044 0 FW14-e161 0
7044 0 FW14-e163 0
7044 0 FW14-e164 0
7044 0 FW14-e165 0
7044 0 FW14-e167 16
7044 0 FW14-e168 0
7044 0 FW14-e170 102
7044 0 FW14-e171 63
7044 0 FW14-e172 32
7044 0 FW14-e174 165
7044 0 FW14-e176 249
7044 0 FW14-e178 149
7044 0 FW14-e181 0
7044 0 FW14-e182 0
7044 0 FW14-e184 32
7044 0 FW14-e185 111
7044 0 FW14-e200 680
7045 0 FW14-e002 0
7045 0 FW14-e003 0
7045 0 FW14-e004 0
7045 0 FW14-e005 0
7045 0 FW14-e007 0
7045 0 FW14-e008 0
7045 0 FW14-e009 0
7045 0 FW14-e010 0
7045 0 FW14-e013 0
7045 0 FW14-e014 0
7045 0 FW14-e016 0
7045 0 FW14-e017 0
7045 0 FW14-e019 0
7045 0 FW14-e021 70
7045 0 FW14-e022 297
7045 0 FW14-e023 441
7045 0 FW14-e026 86
7045 0 FW14-e028 0
7045 0 FW14-e029 0
7045 0 FW14-e030 0
7045 0 FW14-e032 0
7045 0 FW14-e033 0
7045 0 FW14-e034 125
7045 0 FW14-e036 0
7045 0 FW14-e037 0
7045 0 FW14-e039 0
7045 0 FW14-e041 0
7045 0 FW14-e043 0
7045 0 FW14-e044 0
7045 0 FW14-e045 0
7045 0 FW14-e047 0
7045 0 FW14-e049 0
7045 0 FW14-e050 453
7045 0 FW14-e052 334
7045 0 FW14-e055 70
7045 0 FW14-e062 234
7045 0 FW14-e063 32
7045 0 FW14-e066 0
7045 0 FW14-e067 0
7045 0 FW14-e070 0
7045 0 FW14-e071 0
7045 0 FW14-e072 0
7045 0 FW14-e075 16
7045 0 FW14-e076 0
7045 0 FW14-e078 0
7045 0 FW14-e079 0
7045 0 FW14-e080 0
7045 0 FW14-e081 0
7045 0 FW14-e085 0
7045 0 FW14-e086 0
7045 0 FW14-e088 364
7045 0 FW14-e090 0
7045 0 FW14-e092 0
7045 0 FW14-e093 55
7045 0 FW14-e098 0
7045 0 FW14-e100 0
7045 0 FW14-e101 16
7045 0 FW14-e102 0
7045 0 FW14-e106 0
7045 0 FW14-e108 0
7045 0 FW14-e109 0
7045 0 FW14-e112 0
7045 0 FW14-e113 0
7045 0 FW14-e115 0
7045 0 FW14-e118 0
7045 0 FW14-e119 0
7045 0 FW14-e123 16
7045 0 FW14-e124 16
7045 0 FW14-e126 0
7045 0 FW14-e128 0
7045 0 FW14-e129 0
7045 0 FW14-e130 0
7045 0 FW14-e131 0
7045 0 FW14-e132 16
7045 0 FW14-e133 0
7045 0 FW14-e134 382
7045 0 FW14-e137 0
7045 0 FW14-e140 0
7045 0 FW14-e141 0
7045 0 FW14-e143 0
7045 0 FW14-e144 0
7045 0 FW14-e145 0
7045 0 FW14-e146 0
7045 0 FW14-e147 0
7045 0 FW14-e148 0
7045 0 FW14-e153 0
7045 0 FW14-e154 0
7045 0 FW14-e158 0
7045 0 FW14-e161 0
7045 0 FW14-e163 0
7045 0 FW14-e164 0
7045 0 FW14-e165 0
7045 0 FW14-e166 0
7045 0 FW14-e167 0
7045 0 FW14-e168 0
7045 0 FW14-e169 0
7045 0 FW14-e170 0
7045 0 FW14-e171 0
7045 0 FW14-e172 0
7045 0 FW14-e174 16
7045 0 FW14-e175 302
7045 0 FW14-e176 297
7045 0 FW14-e178 0
7045 0 FW14-e179 0
7045 0 FW14-e181 0
7045 0 FW14-e182 16
7045 0 FW14-e184 164
7045 0 FW14-e185 227
7045 0 FW14-e200 495
7072 0 FW14-e002 0
7072 0 FW14-e004 0
7072 0 FW14-e005 0
7072 0 FW14-e009 0
7072 0 FW14-e010 0
7072 0 FW14-e013 0
7072 0 FW14-e014 0
7072 0 FW14-e016 0
7072 0 FW14-e019 0
7072 0 FW14-e021 0
7072 0 FW14-e022 0
7072 0 FW14-e023 264
7072 0 FW14-e026 0
7072 0 FW14-e029 16
7072 0 FW14-e030 0
7072 0 FW14-e032 0
7072 0 FW14-e033 0
7072 0 FW14-e034 0
7072 0 FW14-e041 0
7072 0 FW14-e043 0
7072 0 FW14-e044 0
7072 0 FW14-e047 0
7072 0 FW14-e049 0
7072 0 FW14-e050 0
7072 0 FW14-e052 155
7072 0 FW14-e055 0
7072 0 FW14-e063 0
7072 0 FW14-e066 0
7072 0 FW14-e070 0
7072 0 FW14-e072 0
7072 0 FW14-e076 0
7072 0 FW14-e085 0
7072 0 FW14-e086 0
7072 0 FW14-e087 0
7072 0 FW14-e088 0
7072 0 FW14-e101 0
7072 0 FW14-e109 0
7072 0 FW14-e118 0
7072 0 FW14-e123 0
7072 0 FW14-e128 0
7072 0 FW14-e129 0
7072 0 FW14-e130 0
7072 0 FW14-e133 0
7072 0 FW14-e134 0
7072 0 FW14-e140 0
7072 0 FW14-e141 0
7072 0 FW14-e143 47
7072 0 FW14-e146 0
7072 0 FW14-e148 0
7072 0 FW14-e158 0
7072 0 FW14-e167 0
7072 0 FW14-e168 0
7072 0 FW14-e169 0
7072 0 FW14-e174 0
7072 0 FW14-e175 109
7072 0 FW14-e176 0
7072 0 FW14-e179 0
7072 0 FW14-e181 0
7072 0 FW14-e182 0
7072 0 FW14-e184 0
7072 0 FW14-e185 0
7072 0 FW14-e200 264
7092 0 FW14-e002 16
7092 0 FW14-e004 0
7092 0 FW14-e009 0
7092 0 FW14-e010 0
7092 0 FW14-e013 0
7092 0 FW14-e014 0
7092 0 FW14-e016 0
7092 0 FW14-e019 0
7092 0 FW14-e021 32
7092 0 FW14-e022 126
7092 0 FW14-e023 955
7092 0 FW14-e026 95
7092 0 FW14-e029 0
7092 0 FW14-e032 0
7092 0 FW14-e033 16
7092 0 FW14-e034 0
7092 0 FW14-e041 0
7092 0 FW14-e043 0
7092 0 FW14-e044 0
7092 0 FW14-e047 0
7092 0 FW14-e049 0
7092 0 FW14-e050 102
7092 0 FW14-e052 709
7092 0 FW14-e055 86
7092 0 FW14-e062 79
7092 0 FW14-e063 0
7092 0 FW14-e066 0
7092 0 FW14-e067 0
7092 0 FW14-e070 0
7092 0 FW14-e071 0
7092 0 FW14-e072 0
7092 0 FW14-e076 0
7092 0 FW14-e085 0
7092 0 FW14-e086 0
7092 0 FW14-e087 0
7092 0 FW14-e098 0
7092 0 FW14-e101 0
7092 0 FW14-e102 0
7092 0 FW14-e106 0
7092 0 FW14-e109 0
7092 0 FW14-e113 0
7092 0 FW14-e118 0
7092 0 FW14-e123 79
7092 0 FW14-e129 955
7092 0 FW14-e130 16
7092 0 FW14-e132 480
7092 0 FW14-e134 0
7092 0 FW14-e140 0
7092 0 FW14-e141 0
7092 0 FW14-e143 0
7092 0 FW14-e144 0
7092 0 FW14-e146 0
7092 0 FW14-e148 0
7092 0 FW14-e153 0
7092 0 FW14-e158 0
7092 0 FW14-e167 16
7092 0 FW14-e168 0
7092 0 FW14-e169 0
7092 0 FW14-e171 0
7092 0 FW14-e172 0
7092 0 FW14-e174 0
7092 0 FW14-e175 780
7092 0 FW14-e176 149
7092 0 FW14-e179 0
7092 0 FW14-e181 0
7092 0 FW14-e182 142
7092 0 FW14-e184 0
7092 0 FW14-e185 142
7092 0 FW14-e200 764
7111 0 FW14-e002 16
7111 0 FW14-e003 0
7111 0 FW14-e004 0
7111 0 FW14-e005 0
7111 0 FW14-e009 0
7111 0 FW14-e011 16
7111 0 FW14-e013 16
7111 0 FW14-e014 0
7111 0 FW14-e016 0
7111 0 FW14-e019 0
7111 0 FW14-e021 0
7111 0 FW14-e022 47
7111 0 FW14-e023 786
7111 0 FW14-e026 111
7111 0 FW14-e029 16
7111 0 FW14-e030 0
7111 0 FW14-e032 0
7111 0 FW14-e033 0
7111 0 FW14-e034 16
7111 0 FW14-e039 0
7111 0 FW14-e041 0
7111 0 FW14-e043 0
7111 0 FW14-e044 0
7111 0 FW14-e047 0
7111 0 FW14-e049 0
7111 0 FW14-e050 141
7111 0 FW14-e052 855
7111 0 FW14-e055 343
7111 0 FW14-e062 63
7111 0 FW14-e063 0
7111 0 FW14-e066 0
7111 0 FW14-e067 0
7111 0 FW14-e070 0
7111 0 FW14-e071 0
7111 0 FW14-e075 0
7111 0 FW14-e076 0
7111 0 FW14-e079 0
7111 0 FW14-e080 55
7111 0 FW14-e085 0
7111 0 FW14-e086 0
7111 0 FW14-e087 0
7111 0 FW14-e098 16
7111 0 FW14-e101 0
7111 0 FW14-e102 118
7111 0 FW14-e109 0
7111 0 FW14-e110 0
7111 0 FW14-e112 0
7111 0 FW14-e113 0
7111 0 FW14-e114 0
7111 0 FW14-e118 0
7111 0 FW14-e122 0
7111 0 FW14-e123 16
7111 0 FW14-e124 0
7111 0 FW14-e128 32
7111 0 FW14-e129 102
7111 0 FW14-e130 16
7111 0 FW14-e131 0
7111 0 FW14-e132 227
7111 0 FW14-e133 0
7111 0 FW14-e134 0
7111 0 FW14-e136 0
7111 0 FW14-e138 0
7111 0 FW14-e140 32
7111 0 FW14-e141 0
7111 0 FW14-e143 0
7111 0 FW14-e144 0
7111 0 FW14-e146 0
7111 0 FW14-e147 0
7111 0 FW14-e148 0
7111 0 FW14-e153 79
7111 0 FW14-e158 0
7111 0 FW14-e165 0
7111 0 FW14-e167 0
7111 0 FW14-e168 0
7111 0 FW14-e171 16
7111 0 FW14-e174 16
7111 0 FW14-e175 825
7111 0 FW14-e176 118
7111 0 FW14-e179 0
7111 0 FW14-e182 47
7111 0 FW14-e184 0
7111 0 FW14-e185 102
7111 0 FW14-e200 728
7123 0 FW14-e002 0
7123 0 FW14-e005 0
7123 0 FW14-e007 0
7123 0 FW14-e009 0
7123 0 FW14-e013 0
7123 0 FW14-e014 0
7123 0 FW14-e016 0
7123 0 FW14-e018 0
7123 0 FW14-e021 16
7123 0 FW14-e022 180
7123 0 FW14-e023 557
7123 0 FW14-e025 0
7123 0 FW14-e026 132
7123 0 FW14-e028 0
7123 0 FW14-e029 32
7123 0 FW14-e030 0
7123 0 FW14-e032 0
7123 0 FW14-e033 0
7123 0 FW14-e034 16
7123 0 FW14-e039 0
7123 0 FW14-e041 0
7123 0 FW14-e043 0
7123 0 FW14-e044 0
7123 0 FW14-e045 0
7123 0 FW14-e047 0
7123 0 FW14-e049 0
7123 0 FW14-e050 32
7123 0 FW14-e052 555
7123 0 FW14-e055 132
7123 0 FW14-e063 0
7123 0 FW14-e065 0
7123 0 FW14-e066 0
7123 0 FW14-e068 0
7123 0 FW14-e070 0
7123 0 FW14-e072 0
7123 0 FW14-e076 0
7123 0 FW14-e079 0
7123 0 FW14-e085 0
7123 0 FW14-e086 0
7123 0 FW14-e087 0
7123 0 FW14-e088 457
7123 0 FW14-e098 0
7123 0 FW14-e100 0
7123 0 FW14-e101 0
7123 0 FW14-e102 32
7123 0 FW14-e106 0
7123 0 FW14-e108 0
7123 0 FW14-e109 0
7123 0 FW14-e112 0
7123 0 FW14-e113 0
7123 0 FW14-e117 0
7123 0 FW14-e118 0
7123 0 FW14-e123 0
7123 0 FW14-e124 0
7123 0 FW14-e128 0
7123 0 FW14-e129 0
7123 0 FW14-e130 0
7123 0 FW14-e132 102
7123 0 FW14-e133 0
7123 0 FW14-e134 0
7123 0 FW14-e140 0
7123 0 FW14-e141 0
7123 0 FW14-e142 327
7123 0 FW14-e143 259
7123 0 FW14-e146 0
7123 0 FW14-e148 0
7123 0 FW14-e153 16
7123 0 FW14-e154 32
7123 0 FW14-e158 0
7123 0 FW14-e163 0
7123 0 FW14-e164 0
7123 0 FW14-e165 0
7123 0 FW14-e166 0
7123 0 FW14-e167 0
7123 0 FW14-e168 0
7123 0 FW14-e169 0
7123 0 FW14-e171 0
7123 0 FW14-e174 0
7123 0 FW14-e176 0
7123 0 FW14-e179 55
7123 0 FW14-e181 0
7123 0 FW14-e182 0
7123 0 FW14-e184 0
7123 0 FW14-e185 102
7123 0 FW14-e200 402
7137 0 FW14-e001 0
7137 0 FW14-e002 0
7137 0 FW14-e003 0
7137 0 FW14-e007 0
7137 0 FW14-e009 0
7137 0 FW14-e010 0
7137 0 FW14-e013 0
7137 0 FW14-e014 0
7137 0 FW14-e015 0
7137 0 FW14-e016 0
7137 0 FW14-e017 0
7137 0 FW14-e018 16
7137 0 FW14-e019 0
7137 0 FW14-e021 16
7137 0 FW14-e022 382
7137 0 FW14-e023 570
7137 0 FW14-e024 0
7137 0 FW14-e025 100
7137 0 FW14-e026 264
7137 0 FW14-e028 218
7137 0 FW14-e029 55
7137 0 FW14-e030 0
7137 0 FW14-e032 218
7137 0 FW14-e033 0
7137 0 FW14-e034 70
7137 0 FW14-e038 0
7137 0 FW14-e039 16
7137 0 FW14-e041 0
7137 0 FW14-e043 0
7137 0 FW14-e044 0
7137 0 FW14-e045 0
7137 0 FW14-e047 0
7137 0 FW14-e048 55
7137 0 FW14-e049 0
7137 0 FW14-e050 325
7137 0 FW14-e052 418
7137 0 FW14-e055 109
7137 0 FW14-e063 0
7137 0 FW14-e066 0
7137 0 FW14-e067 0
7137 0 FW14-e070 0
7137 0 FW14-e071 0
7137 0 FW14-e072 0
7137 0 FW14-e075 0
7137 0 FW14-e076 0
7137 0 FW14-e079 0
7137 0 FW14-e080 0
7137 0 FW14-e082 0
7137 0 FW14-e085 0
7137 0 FW14-e086 0
7137 0 FW14-e087 0
7137 0 FW14-e088 473
7137 0 FW14-e089 0
7137 0 FW14-e090 0
7137 0 FW14-e093 0
7137 0 FW14-e095 0
7137 0 FW14-e098 0
7137 0 FW14-e100 0
7137 0 FW14-e101 0
7137 0 FW14-e102 0
7137 0 FW14-e108 0
7137 0 FW14-e109 0
7137 0 FW14-e110 0
7137 0 FW14-e111 0
7137 0 FW14-e112 0
7137 0 FW14-e113 170
7137 0 FW14-e115 16
7137 0 FW14-e117 0
7137 0 FW14-e118 0
7137 0 FW14-e119 0
7137 0 FW14-e120 0
7137 0 FW14-e121 70
7137 0 FW14-e123 141
7137 0 FW14-e124 109
7137 0 FW14-e126 102
7137 0 FW14-e128 0
7137 0 FW14-e129 186
7137 0 FW14-e130 79
7137 0 FW14-e131 0
7137 0 FW14-e132 170
7137 0 FW14-e133 0
7137 0 FW14-e134 0
7137 0 FW14-e136 0
7137 0 FW14-e137 0
7137 0 FW14-e139 0
7137 0 FW14-e141 0
7137 0 FW14-e142 0
7137 0 FW14-e143 102
7137 0 FW14-e144 47
7137 0 FW14-e145 164
7137 0 FW14-e146 250
7137 0 FW14-e147 437
7137 0 FW14-e148 164
7137 0 FW14-e153 109
7137 0 FW14-e154 32
7137 0 FW14-e157 0
7137 0 FW14-e158 0
7137 0 FW14-e159 0
7137 0 FW14-e161 0
7137 0 FW14-e163 0
7137 0 FW14-e164 0
7137 0 FW14-e165 0
7137 0 FW14-e166 0
7137 0 FW14-e167 0
7137 0 FW14-e168 16
7137 0 FW14-e170 0
7137 0 FW14-e171 0
7137 0 FW14-e174 157
7137 0 FW14-e176 405
7137 0 FW14-e178 0
7137 0 FW14-e179 0
7137 0 FW14-e181 227
7137 0 FW14-e182 16
7137 0 FW14-e184 172
7137 0 FW14-e185 389
7137 0 FW14-e200 734
7146 0 FW14-e002 0
7146 0 FW14-e003 0
7146 0 FW14-e005 0
7146 0 FW14-e009 0
7146 0 FW14-e010 0
7146 0 FW14-e013 0
7146 0 FW14-e014 0
7146 0 FW14-e016 0
7146 0 FW14-e017 0
7146 0 FW14-e018 0
7146 0 FW14-e019 0
7146 0 FW14-e021 0
7146 0 FW14-e022 55
7146 0 FW14-e023 289
7146 0 FW14-e026 0
7146 0 FW14-e028 32
7146 0 FW14-e029 32
7146 0 FW14-e030 0
7146 0 FW14-e032 0
7146 0 FW14-e033 0
7146 0 FW14-e034 0
7146 0 FW14-e039 0
7146 0 FW14-e041 0
7146 0 FW14-e043 0
7146 0 FW14-e044 0
7146 0 FW14-e045 0
7146 0 FW14-e047 0
7146 0 FW14-e049 0
7146 0 FW14-e050 0
7146 0 FW14-e052 234
7146 0 FW14-e055 0
7146 0 FW14-e063 0
7146 0 FW14-e065 0
7146 0 FW14-e066 0
7146 0 FW14-e067 0
7146 0 FW14-e070 0
7146 0 FW14-e071 0
7146 0 FW14-e072 0
7146 0 FW14-e075 0
7146 0 FW14-e076 0
7146 0 FW14-e080 0
7146 0 FW14-e083 0
7146 0 FW14-e085 0
7146 0 FW14-e086 0
7146 0 FW14-e087 0
7146 0 FW14-e088 218
7146 0 FW14-e089 0
7146 0 FW14-e090 0
7146 0 FW14-e092 0
7146 0 FW14-e095 0
7146 0 FW14-e098 0
7146 0 FW14-e100 0
7146 0 FW14-e101 16
7146 0 FW14-e102 0
7146 0 FW14-e108 0
7146 0 FW14-e109 0
7146 0 FW14-e111 0
7146 0 FW14-e112 0
7146 0 FW14-e113 0
7146 0 FW14-e117 0
7146 0 FW14-e118 0
7146 0 FW14-e119 0
7146 0 FW14-e121 0
7146 0 FW14-e122 0
7146 0 FW14-e123 0
7146 0 FW14-e124 0
7146 0 FW14-e126 0
7146 0 FW14-e128 0
7146 0 FW14-e129 70
7146 0 FW14-e130 16
7146 0 FW14-e131 0
7146 0 FW14-e132 109
7146 0 FW14-e133 0
7146 0 FW14-e134 0
7146 0 FW14-e135 0
7146 0 FW14-e136 0
7146 0 FW14-e137 0
7146 0 FW14-e138 0
7146 0 FW14-e139 0
7146 0 FW14-e140 0
7146 0 FW14-e141 0
7146 0 FW14-e143 63
7146 0 FW14-e144 0
7146 0 FW14-e145 0
7146 0 FW14-e146 0
7146 0 FW14-e147 0
7146 0 FW14-e148 0
7146 0 FW14-e153 0
7146 0 FW14-e158 0
7146 0 FW14-e159 0
7146 0 FW14-e161 0
7146 0 FW14-e163 0
7146 0 FW14-e164 0
7146 0 FW14-e165 0
7146 0 FW14-e166 0
7146 0 FW14-e167 0
7146 0 FW14-e168 0
7146 0 FW14-e170 0
7146 0 FW14-e171 0
7146 0 FW14-e174 0
7146 0 FW14-e175 328
7146 0 FW14-e176 55
7146 0 FW14-e178 0
7146 0 FW14-e179 0
7146 0 FW14-e181 0
7146 0 FW14-e182 0
7146 0 FW14-e184 0
7146 0 FW14-e185 55
7146 0 FW14-e200 218
7161 0 FW14-e009 0
7161 0 FW14-e010 0
7161 0 FW14-e013 0
7161 0 FW14-e014 0
7161 0 FW14-e016 0
7161 0 FW14-e017 0
7161 0 FW14-e018 0
7161 0 FW14-e021 172
7161 0 FW14-e022 273
7161 0 FW14-e023 352
7161 0 FW14-e025 0
7161 0 FW14-e026 142
7161 0 FW14-e028 0
7161 0 FW14-e029 0
7161 0 FW14-e030 0
7161 0 FW14-e032 0
7161 0 FW14-e033 0
7161 0 FW14-e034 55
7161 0 FW14-e039 0
7161 0 FW14-e041 0
7161 0 FW14-e043 0
7161 0 FW14-e044 0
7161 0 FW14-e045 0
7161 0 FW14-e047 0
7161 0 FW14-e049 0
7161 0 FW14-e050 398
7161 0 FW14-e052 227
7161 0 FW14-e055 0
7161 0 FW14-e062 141
7161 0 FW14-e063 0
7161 0 FW14-e066 0
7161 0 FW14-e070 0
7161 0 FW14-e085 0
7161 0 FW14-e086 0
7161 0 FW14-e087 0
7161 0 FW14-e088 366
7161 0 FW14-e095 0
7161 0 FW14-e098 0
7161 0 FW14-e100 0
7161 0 FW14-e101 0
7161 0 FW14-e102 0
7161 0 FW14-e106 0
7161 0 FW14-e108 0
7161 0 FW14-e109 0
7161 0 FW14-e110 0
7161 0 FW14-e112 0
7161 0 FW14-e113 0
7161 0 FW14-e118 0
7161 0 FW14-e121 0
7161 0 FW14-e123 55
7161 0 FW14-e124 0
7161 0 FW14-e127 126
7161 0 FW14-e128 16
7161 0 FW14-e129 55
7161 0 FW14-e130 16
7161 0 FW14-e131 0
7161 0 FW14-e132 126
7161 0 FW14-e133 0
7161 0 FW14-e134 0
7161 0 FW14-e142 32
7161 0 FW14-e143 126
7161 0 FW14-e146 0
7161 0 FW14-e148 0
7161 0 FW14-e153 118
7161 0 FW14-e154 0
7161 0 FW14-e158 0
7161 0 FW14-e161 0
7161 0 FW14-e164 0
7161 0 FW14-e165 0
7161 0 FW14-e166 0
7161 0 FW14-e167 0
7161 0 FW14-e168 16
7161 0 FW14-e169 0
7161 0 FW14-e171 0
7161 0 FW14-e172 16
7161 0 FW14-e174 437
7161 0 FW14-e175 297
7161 0 FW14-e176 218
7161 0 FW14-e178 55
7161 0 FW14-e179 0
7161 0 FW14-e181 0
7161 0 FW14-e182 63
7161 0 FW14-e184 70
7161 0 FW14-e185 398
7161 0 FW14-e200 375
7167 0 FW14-e002 313
7167 0 FW14-e003 16
7167 0 FW14-e005 220
7167 0 FW14-e007 0
7167 0 FW14-e008 55
7167 0 FW14-e009 0
7167 0 FW14-e010 181
7167 0 FW14-e013 188
7167 0 FW14-e014 0
7167 0 FW14-e016 111
7167 0 FW14-e017 32
7167 0 FW14-e021 102
7167 0 FW14-e022 375
7167 0 FW14-e023 141
7167 0 FW14-e026 79
7167 0 FW14-e028 55
7167 0 FW14-e029 320
7167 0 FW14-e030 204
7167 0 FW14-e032 0
7167 0 FW14-e034 32
7167 0 FW14-e041 0
7167 0 FW14-e044 0
7167 0 FW14-e045 0
7167 0 FW14-e049 0
7167 0 FW14-e050 0
7167 0 FW14-e052 125
7167 0 FW14-e055 0
7167 0 FW14-e062 79
7167 0 FW14-e063 0
7167 0 FW14-e066 0
7167 0 FW14-e078 0
7167 0 FW14-e085 0
7167 0 FW14-e086 0
7167 0 FW14-e087 16
7167 0 FW14-e088 102
7167 0 FW14-e095 0
7167 0 FW14-e098 0
7167 0 FW14-e102 0
7167 0 FW14-e108 0
7167 0 FW14-e109 0
7167 0 FW14-e110 0
7167 0 FW14-e112 0
7167 0 FW14-e113 0
7167 0 FW14-e115 0
7167 0 FW14-e118 0
7167 0 FW14-e121 0
7167 0 FW14-e122 0
7167 0 FW14-e123 0
7167 0 FW14-e124 0
7167 0 FW14-e127 16
7167 0 FW14-e128 0
7167 0 FW14-e129 0
7167 0 FW14-e130 0
7167 0 FW14-e131 0
7167 0 FW14-e132 16
7167 0 FW14-e134 0
7167 0 FW14-e141 0
7167 0 FW14-e143 0
7167 0 FW14-e145 100
7167 0 FW14-e146 0
7167 0 FW14-e148 55
7167 0 FW14-e153 32
7167 0 FW14-e157 0
7167 0 FW14-e158 0
7167 0 FW14-e167 0
7167 0 FW14-e168 0
7167 0 FW14-e169 0
7167 0 FW14-e174 0
7167 0 FW14-e175 109
7167 0 FW14-e176 297
7167 0 FW14-e178 0
7167 0 FW14-e179 0
7167 0 FW14-e181 0
7167 0 FW14-e182 0
7167 0 FW14-e184 63
7167 0 FW14-e185 165
7167 0 FW14-e200 47
7173 0 FW14-e001 0
7173 0 FW14-e002 0
7173 0 FW14-e007 0
7173 0 FW14-e009 0
7173 0 FW14-e010 47
7173 0 FW14-e013 16
7173 0 FW14-e014 0
7173 0 FW14-e016 0
7173 0 FW14-e017 32
7173 0 FW14-e019 0
7173 0 FW14-e020 0
7173 0 FW14-e021 63
7173 0 FW14-e022 47
7173 0 FW14-e023 289
7173 0 FW14-e026 47
7173 0 FW14-e029 16
7173 0 FW14-e030 0
7173 0 FW14-e032 0
7173 0 FW14-e033 0
7173 0 FW14-e034 86
7173 0 FW14-e038 0
7173 0 FW14-e039 0
7173 0 FW14-e041 0
7173 0 FW14-e043 0
7173 0 FW14-e044 0
7173 0 FW14-e045 0
7173 0 FW14-e047 0
7173 0 FW14-e049 0
7173 0 FW14-e050 63
7173 0 FW14-e052 180
7173 0 FW14-e055 172
7173 0 FW14-e062 79
7173 0 FW14-e063 0
7173 0 FW14-e066 0
7173 0 FW14-e067 0
7173 0 FW14-e068 16
7173 0 FW14-e070 70
7173 0 FW14-e071 16
7173 0 FW14-e072 0
7173 0 FW14-e075 0
7173 0 FW14-e076 63
7173 0 FW14-e080 0
7173 0 FW14-e085 0
7173 0 FW14-e086 0
7173 0 FW14-e087 180
7173 0 FW14-e095 0
7173 0 FW14-e098 32
7173 0 FW14-e100 0
7173 0 FW14-e101 16
7173 0 FW14-e102 0
7173 0 FW14-e104 0
7173 0 FW14-e106 0
7173 0 FW14-e108 32
7173 0 FW14-e109 0
7173 0 FW14-e112 0
7173 0 FW14-e113 0
7173 0 FW14-e118 0
7173 0 FW14-e121 102
7173 0 FW14-e122 0
7173 0 FW14-e123 16
7173 0 FW14-e124 0
7173 0 FW14-e128 32
7173 0 FW14-e129 47
7173 0 FW14-e130 32
7173 0 FW14-e131 0
7173 0 FW14-e132 111
7173 0 FW14-e133 0
7173 0 FW14-e134 0
7173 0 FW14-e141 0
7173 0 FW14-e143 0
7173 0 FW14-e144 0
7173 0 FW14-e146 0
7173 0 FW14-e147 0
7173 0 FW14-e148 0
7173 0 FW14-e153 79
7173 0 FW14-e154 0
7173 0 FW14-e158 0
7173 0 FW14-e163 0
7173 0 FW14-e164 0
7173 0 FW14-e165 0
7173 0 FW14-e167 16
7173 0 FW14-e168 0
7173 0 FW14-e171 0
7173 0 FW14-e172 0
7173 0 FW14-e176 32
7173 0 FW14-e178 0
7173 0 FW14-e179 0
7173 0 FW14-e181 0
7173 0 FW14-e182 0
7173 0 FW14-e184 32
7173 0 FW14-e185 47
7173 0 FW14-e200 141
7174 0 FW14-e002 0
7174 0 FW14-e003 0
7174 0 FW14-e005 0
7174 0 FW14-e009 0
7174 0 FW14-e010 0
7174 0 FW14-e013 0
7174 0 FW14-e014 0
7174 0 FW14-e016 0
7174 0 FW14-e017 0
7174 0 FW14-e018 0
7174 0 FW14-e021 63
7174 0 FW14-e022 95
7174 0 FW14-e023 218
7174 0 FW14-e024 0
7174 0 FW14-e025 0
7174 0 FW14-e026 125
7174 0 FW14-e028 0
7174 0 FW14-e029 0
7174 0 FW14-e030 0
7174 0 FW14-e032 0
7174 0 FW14-e033 0
7174 0 FW14-e034 164
7174 0 FW14-e037 0
7174 0 FW14-e038 0
7174 0 FW14-e039 0
7174 0 FW14-e041 0
7174 0 FW14-e043 0
7174 0 FW14-e044 0
7174 0 FW14-e045 0
7174 0 FW14-e047 0
7174 0 FW14-e049 0
7174 0 FW14-e050 0
7174 0 FW14-e052 180
7174 0 FW14-e055 55
7174 0 FW14-e063 0
7174 0 FW14-e066 0
7174 0 FW14-e067 0
7174 0 FW14-e070 0
7174 0 FW14-e071 0
7174 0 FW14-e072 0
7174 0 FW14-e075 0
7174 0 FW14-e076 0
7174 0 FW14-e078 0
7174 0 FW14-e079 0
7174 0 FW14-e080 0
7174 0 FW14-e081 0
7174 0 FW14-e085 0
7174 0 FW14-e086 0
7174 0 FW14-e087 0
7174 0 FW14-e088 141
7174 0 FW14-e090 0
7174 0 FW14-e095 0
7174 0 FW14-e098 16
7174 0 FW14-e100 0
7174 0 FW14-e102 0
7174 0 FW14-e108 0
7174 0 FW14-e109 0
7174 0 FW14-e110 70
7174 0 FW14-e111 0
7174 0 FW14-e112 0
7174 0 FW14-e113 0
7174 0 FW14-e115 0
7174 0 FW14-e118 0
7174 0 FW14-e121 0
7174 0 FW14-e123 55
7174 0 FW14-e124 16
7174 0 FW14-e126 0
7174 0 FW14-e127 0
7174 0 FW14-e128 0
7174 0 FW14-e129 70
7174 0 FW14-e130 0
7174 0 FW14-e131 0
7174 0 FW14-e132 0
7174 0 FW14-e133 0
7174 0 FW14-e134 0
7174 0 FW14-e135 0
7174 0 FW14-e136 0
7174 0 FW14-e137 0
7174 0 FW14-e140 0
7174 0 FW14-e141 0
7174 0 FW14-e142 0
7174 0 FW14-e143 0
7174 0 FW14-e144 0
7174 0 FW14-e145 70
7174 0 FW14-e146 0
7174 0 FW14-e147 0
7174 0 FW14-e148 0
7174 0 FW14-e153 0
7174 0 FW14-e154 0
7174 0 FW14-e157 0
7174 0 FW14-e158 0
7174 0 FW14-e159 0
7174 0 FW14-e161 0
7174 0 FW14-e163 0
7174 0 FW14-e164 0
7174 0 FW14-e165 0
7174 0 FW14-e166 0
7174 0 FW14-e167 0
7174 0 FW14-e168 0
7174 0 FW14-e169 0
7174 0 FW14-e170 0
7174 0 FW14-e171 0
7174 0 FW14-e172 0
7174 0 FW14-e174 111
7174 0 FW14-e175 305
7174 0 FW14-e176 63
7174 0 FW14-e178 63
7174 0 FW14-e179 0
7174 0 FW14-e181 0
7174 0 FW14-e182 16
7174 0 FW14-e184 32
7174 0 FW14-e185 95
7174 0 FW14-e200 102
7176 0 FW14-e002 0
7176 0 FW14-e005 0
7176 0 FW14-e009 0
7176 0 FW14-e010 0
7176 0 FW14-e013 0
7176 0 FW14-e014 0
7176 0 FW14-e016 0
7176 0 FW14-e017 0
7176 0 FW14-e018 0
7176 0 FW14-e019 0
7176 0 FW14-e021 165
7176 0 FW14-e022 32
7176 0 FW14-e023 909
7176 0 FW14-e026 32
7176 0 FW14-e028 0
7176 0 FW14-e029 100
7176 0 FW14-e032 0
7176 0 FW14-e033 0
7176 0 FW14-e034 0
7176 0 FW14-e037 0
7176 0 FW14-e038 0
7176 0 FW14-e039 0
7176 0 FW14-e041 0
7176 0 FW14-e043 0
7176 0 FW14-e044 0
7176 0 FW14-e045 0
7176 0 FW14-e047 0
7176 0 FW14-e049 0
7176 0 FW14-e050 158
7176 0 FW14-e052 664
7176 0 FW14-e055 0
7176 0 FW14-e063 0
7176 0 FW14-e066 0
7176 0 FW14-e070 0
7176 0 FW14-e071 0
7176 0 FW14-e072 0
7176 0 FW14-e075 0
7176 0 FW14-e076 0
7176 0 FW14-e079 0
7176 0 FW14-e080 0
7176 0 FW14-e085 0
7176 0 FW14-e086 0
7176 0 FW14-e087 0
7176 0 FW14-e088 716
7176 0 FW14-e095 0
7176 0 FW14-e098 100
7176 0 FW14-e101 0
7176 0 FW14-e102 0
7176 0 FW14-e106 0
7176 0 FW14-e109 0
7176 0 FW14-e111 0
7176 0 FW14-e112 0
7176 0 FW14-e113 0
7176 0 FW14-e115 0
7176 0 FW14-e118 0
7176 0 FW14-e122 0
7176 0 FW14-e123 0
7176 0 FW14-e124 0
7176 0 FW14-e126 0
7176 0 FW14-e128 47
7176 0 FW14-e129 16
7176 0 FW14-e130 0
7176 0 FW14-e131 0
7176 0 FW14-e132 79
7176 0 FW14-e133 0
7176 0 FW14-e134 0
7176 0 FW14-e136 0
7176 0 FW14-e137 0
7176 0 FW14-e138 0
7176 0 FW14-e139 0
7176 0 FW14-e140 0
7176 0 FW14-e141 0
7176 0 FW14-e142 0
7176 0 FW14-e143 0
7176 0 FW14-e144 0
7176 0 FW14-e145 0
7176 0 FW14-e146 0
7176 0 FW14-e147 0
7176 0 FW14-e148 0
7176 0 FW14-e152 0
7176 0 FW14-e153 16
7176 0 FW14-e154 0
7176 0 FW14-e156 0
7176 0 FW14-e158 0
7176 0 FW14-e159 0
7176 0 FW14-e161 0
7176 0 FW14-e163 0
7176 0 FW14-e164 0
7176 0 FW14-e165 0
7176 0 FW14-e166 0
7176 0 FW14-e167 0
7176 0 FW14-e168 0
7176 0 FW14-e169 0
7176 0 FW14-e170 0
7176 0 FW14-e171 0
7176 0 FW14-e172 218
7176 0 FW14-e174 32
7176 0 FW14-e175 864
7176 0 FW14-e176 170
7176 0 FW14-e178 0
7176 0 FW14-e179 0
7176 0 FW14-e181 0
7176 0 FW14-e182 0
7176 0 FW14-e184 0
7176 0 FW14-e185 134
7176 0 FW14-e200 786
7185 0 FW14-e001 0
7185 0 FW14-e002 0
7185 0 FW14-e003 0
7185 0 FW14-e004 0
7185 0 FW14-e005 0
7185 0 FW14-e007 0
7185 0 FW14-e009 0
7185 0 FW14-e010 0
7185 0 FW14-e013 0
7185 0 FW14-e014 0
7185 0 FW14-e016 0
7185 0 FW14-e017 0
7185 0 FW14-e019 0
7185 0 FW14-e021 0
7185 0 FW14-e022 0
7185 0 FW14-e023 437
7185 0 FW14-e026 0
7185 0 FW14-e028 32
7185 0 FW14-e029 0
7185 0 FW14-e030 0
7185 0 FW14-e032 0
7185 0 FW14-e033 0
7185 0 FW14-e034 180
7185 0 FW14-e037 0
7185 0 FW14-e038 0
7185 0 FW14-e039 0
7185 0 FW14-e041 0
7185 0 FW14-e044 0
7185 0 FW14-e045 0
7185 0 FW14-e047 0
7185 0 FW14-e049 0
7185 0 FW14-e050 0
7185 0 FW14-e052 437
7185 0 FW14-e055 111
7185 0 FW14-e062 273
7185 0 FW14-e063 0
7185 0 FW14-e066 0
7185 0 FW14-e067 0
7185 0 FW14-e071 0
7185 0 FW14-e076 0
7185 0 FW14-e086 0
7185 0 FW14-e087 0
7185 0 FW14-e088 328
7185 0 FW14-e092 0
7185 0 FW14-e095 0
7185 0 FW14-e098 0
7185 0 FW14-e100 0
7185 0 FW14-e101 0
7185 0 FW14-e102 0
7185 0 FW14-e106 0
7185 0 FW14-e109 0
7185 0 FW14-e110 0
7185 0 FW14-e111 0
7185 0 FW14-e112 0
7185 0 FW14-e113 0
7185 0 FW14-e115 0
7185 0 FW14-e118 0
7185 0 FW14-e121 0
7185 0 FW14-e123 109
7185 0 FW14-e124 0
7185 0 FW14-e128 0
7185 0 FW14-e129 55
7185 0 FW14-e130 0
7185 0 FW14-e131 0
7185 0 FW14-e132 0
7185 0 FW14-e133 0
7185 0 FW14-e134 0
7185 0 FW14-e136 0
7185 0 FW14-e138 0
7185 0 FW14-e140 0
7185 0 FW14-e143 32
7185 0 FW14-e144 0
7185 0 FW14-e145 16
7185 0 FW14-e146 0
7185 0 FW14-e147 0
7185 0 FW14-e148 0
7185 0 FW14-e153 0
7185 0 FW14-e158 0
7185 0 FW14-e163 0
7185 0 FW14-e164 0
7185 0 FW14-e165 0
7185 0 FW14-e167 0
7185 0 FW14-e168 0
7185 0 FW14-e169 0
7185 0 FW14-e170 0
7185 0 FW14-e171 0
7185 0 FW14-e172 0
7185 0 FW14-e174 0
7185 0 FW14-e176 0
7185 0 FW14-e178 0
7185 0 FW14-e179 0
7185 0 FW14-e181 0
7185 0 FW14-e182 0
7185 0 FW14-e184 0
7185 0 FW14-e185 0
7185 0 FW14-e200 398
7194 0 FW14-e002 0
7194 0 FW14-e004 0
7194 0 FW14-e005 0
7194 0 FW14-e010 0
7194 0 FW14-e013 0
7194 0 FW14-e017 0
7194 0 FW14-e021 0
7194 0 FW14-e022 227
7194 0 FW14-e023 273
7194 0 FW14-e026 0
7194 0 FW14-e028 0
7194 0 FW14-e029 16
7194 0 FW14-e030 0
7194 0 FW14-e032 0
7194 0 FW14-e034 55
7194 0 FW14-e044 0
7194 0 FW14-e045 0
7194 0 FW14-e049 0
7194 0 FW14-e052 109
7194 0 FW14-e055 70
7194 0 FW14-e085 0
7194 0 FW14-e087 0
7194 0 FW14-e088 164
7194 0 FW14-e100 0
7194 0 FW14-e109 0
7194 0 FW14-e123 70
7194 0 FW14-e129 55
7194 0 FW14-e130 0
7194 0 FW14-e132 0
7194 0 FW14-e134 0
7194 0 FW14-e143 55
7194 0 FW14-e145 0
7194 0 FW14-e146 0
7194 0 FW14-e148 0
7194 0 FW14-e153 0
7194 0 FW14-e167 0
7194 0 FW14-e168 0
7194 0 FW14-e172 70
7194 0 FW14-e174 0
7194 0 FW14-e175 180
7194 0 FW14-e176 211
7194 0 FW14-e179 0
7194 0 FW14-e181 0
7194 0 FW14-e182 157
7194 0 FW14-e184 0
7194 0 FW14-e185 195
7194 0 FW14-e200 359
7197 0 FW14-e002 0
7197 0 FW14-e005 0
7197 0 FW14-e007 0
7197 0 FW14-e009 0
7197 0 FW14-e010 16
7197 0 FW14-e011 0
7197 0 FW14-e013 47
7197 0 FW14-e014 0
7197 0 FW14-e016 0
7197 0 FW14-e017 0
7197 0 FW14-e021 0
7197 0 FW14-e022 172
7197 0 FW14-e023 718
7197 0 FW14-e026 211
7197 0 FW14-e028 16
7197 0 FW14-e029 16
7197 0 FW14-e030 95
7197 0 FW14-e032 0
7197 0 FW14-e033 47
7197 0 FW14-e034 202
7197 0 FW14-e037 47
7197 0 FW14-e039 0
7197 0 FW14-e041 0
7197 0 FW14-e044 0
7197 0 FW14-e045 0
7197 0 FW14-e049 0
7197 0 FW14-e050 468
7197 0 FW14-e052 489
7197 0 FW14-e055 280
7197 0 FW14-e063 70
7197 0 FW14-e064 16
7197 0 FW14-e066 125
7197 0 FW14-e067 16
7197 0 FW14-e070 70
7197 0 FW14-e071 243
7197 0 FW14-e072 0
7197 0 FW14-e075 0
7197 0 FW14-e076 202
7197 0 FW14-e080 0
7197 0 FW14-e085 0
7197 0 FW14-e086 16
7197 0 FW14-e087 0
7197 0 FW14-e088 398
7197 0 FW14-e092 0
7197 0 FW14-e098 0
7197 0 FW14-e102 0
7197 0 FW14-e106 0
7197 0 FW14-e108 0
7197 0 FW14-e109 0
7197 0 FW14-e113 55
7197 0 FW14-e114 16
7197 0 FW14-e115 0
7197 0 FW14-e117 32
7197 0 FW14-e118 0
7197 0 FW14-e121 16
7197 0 FW14-e122 0
7197 0 FW14-e123 47
7197 0 FW14-e124 32
7197 0 FW14-e128 32
7197 0 FW14-e129 32
7197 0 FW14-e130 16
7197 0 FW14-e132 95
7197 0 FW14-e134 400
7197 0 FW14-e140 0
7197 0 FW14-e143 32
7197 0 FW14-e145 16
7197 0 FW14-e146 0
7197 0 FW14-e148 0
7197 0 FW14-e153 0
7197 0 FW14-e158 0
7197 0 FW14-e167 0
7197 0 FW14-e168 0
7197 0 FW14-e175 550
7197 0 FW14-e176 325
7197 0 FW14-e179 0
7197 0 FW14-e182 0
7197 0 FW14-e185 0
7197 0 FW14-e200 550
7200 0 FW14-e002 0
7200 0 FW14-e010 0
7200 0 FW14-e011 0
7200 0 FW14-e013 0
7200 0 FW14-e020 0
7200 0 FW14-e021 0
7200 0 FW14-e022 102
7200 0 FW14-e023 195
7200 0 FW14-e026 16
7200 0 FW14-e028 0
7200 0 FW14-e029 0
7200 0 FW14-e032 0
7200 0 FW14-e034 55
7200 0 FW14-e039 0
7200 0 FW14-e041 0
7200 0 FW14-e044 0
7200 0 FW14-e045 0
7200 0 FW14-e047 0
7200 0 FW14-e049 0
7200 0 FW14-e050 0
7200 0 FW14-e052 47
7200 0 FW14-e055 55
7200 0 FW14-e063 0
7200 0 FW14-e066 0
7200 0 FW14-e085 0
7200 0 FW14-e086 0
7200 0 FW14-e087 0
7200 0 FW14-e088 157
7200 0 FW14-e095 0
7200 0 FW14-e098 0
7200 0 FW14-e102 0
7200 0 FW14-e106 0
7200 0 FW14-e108 0
7200 0 FW14-e109 16
7200 0 FW14-e110 0
7200 0 FW14-e113 95
7200 0 FW14-e114 0
7200 0 FW14-e118 0
7200 0 FW14-e121 16
7200 0 FW14-e123 0
7200 0 FW14-e124 16
7200 0 FW14-e127 16
7200 0 FW14-e129 55
7200 0 FW14-e130 0
7200 0 FW14-e132 0
7200 0 FW14-e134 0
7200 0 FW14-e140 0
7200 0 FW14-e143 0
7200 0 FW14-e145 0
7200 0 FW14-e146 0
7200 0 FW14-e148 0
7200 0 FW14-e152 0
7200 0 FW14-e153 86
7200 0 FW14-e154 0
7200 0 FW14-e166 0
7200 0 FW14-e167 0
7200 0 FW14-e168 32
7200 0 FW14-e169 0
7200 0 FW14-e172 0
7200 0 FW14-e175 109
7200 0 FW14-e176 134
7200 0 FW14-e178 0
7200 0 FW14-e179 16
7200 0 FW14-e181 0
7200 0 FW14-e182 0
7200 0 FW14-e184 109
7200 0 FW14-e185 63
7200 0 FW14-e200 125
7205 0 FW14-e002 0
7205 0 FW14-e005 0
7205 0 FW14-e009 0
7205 0 FW14-e011 0
7205 0 FW14-e013 0
7205 0 FW14-e014 0
7205 0 FW14-e016 0
7205 0 FW14-e019 0
7205 0 FW14-e021 165
7205 0 FW14-e022 546
7205 0 FW14-e023 398
7205 0 FW14-e026 180
7205 0 FW14-e028 47
7205 0 FW14-e029 16
7205 0 FW14-e030 0
7205 0 FW14-e032 0
7205 0 FW14-e033 0
7205 0 FW14-e034 0
7205 0 FW14-e038 0
7205 0 FW14-e039 0
7205 0 FW14-e041 0
7205 0 FW14-e043 0
7205 0 FW14-e044 0
7205 0 FW14-e045 0
7205 0 FW14-e047 0
7205 0 FW14-e049 0
7205 0 FW14-e050 507
7205 0 FW14-e052 359
7205 0 FW14-e055 164
7205 0 FW14-e062 437
7205 0 FW14-e063 0
7205 0 FW14-e066 109
7205 0 FW14-e067 0
7205 0 FW14-e070 16
7205 0 FW14-e071 16
7205 0 FW14-e072 0
7205 0 FW14-e075 0
7205 0 FW14-e076 16
7205 0 FW14-e085 0
7205 0 FW14-e086 157
7205 0 FW14-e087 0
7205 0 FW14-e088 234
7205 0 FW14-e095 0
7205 0 FW14-e098 0
7205 0 FW14-e100 0
7205 0 FW14-e101 55
7205 0 FW14-e102 0
7205 0 FW14-e104 289
7205 0 FW14-e108 0
7205 0 FW14-e109 0
7205 0 FW14-e113 0
7205 0 FW14-e118 0
7205 0 FW14-e121 0
7205 0 FW14-e122 0
7205 0 FW14-e123 289
7205 0 FW14-e128 0
7205 0 FW14-e129 55
7205 0 FW14-e130 0
7205 0 FW14-e132 507
7205 0 FW14-e133 0
7205 0 FW14-e134 70
7205 0 FW14-e135 453
7205 0 FW14-e136 70
7205 0 FW14-e137 382
7205 0 FW14-e138 507
7205 0 FW14-e139 165
7205 0 FW14-e141 0
7205 0 FW14-e143 47
7205 0 FW14-e146 0
7205 0 FW14-e147 0
7205 0 FW14-e148 0
7205 0 FW14-e153 164
7205 0 FW14-e158 0
7205 0 FW14-e164 0
7205 0 FW14-e167 0
7205 0 FW14-e168 0
7205 0 FW14-e169 0
7205 0 FW14-e170 0
7205 0 FW14-e171 0
7205 0 FW14-e172 0
7205 0 FW14-e174 343
7205 0 FW14-e175 491
7205 0 FW14-e176 491
7205 0 FW14-e178 109
7205 0 FW14-e179 102
7205 0 FW14-e181 0
7205 0 FW14-e182 0
7205 0 FW14-e184 102
7205 0 FW14-e185 180
7205 0 FW14-e200 343
7207 0 FW14-e001 86
7207 0 FW14-e002 0
7207 0 FW14-e003 32
7207 0 FW14-e005 63
7207 0 FW14-e007 274
7207 0 FW14-e008 0
7207 0 FW14-e009 63
7207 0 FW14-e010 165
7207 0 FW14-e013 0
7207 0 FW14-e014 0
7207 0 FW14-e015 86
7207 0 FW14-e016 0
7207 0 FW14-e017 0
7207 0 FW14-e018 0
7207 0 FW14-e019 0
7207 0 FW14-e021 195
7207 0 FW14-e022 134
7207 0 FW14-e023 366
7207 0 FW14-e024 0
7207 0 FW14-e025 0
7207 0 FW14-e026 134
7207 0 FW14-e028 0
7207 0 FW14-e029 16
7207 0 FW14-e030 0
7207 0 FW14-e032 0
7207 0 FW14-e033 227
7207 0 FW14-e034 491
7207 0 FW14-e036 0
7207 0 FW14-e037 0
7207 0 FW14-e039 16
7207 0 FW14-e041 0
7207 0 FW14-e043 0
7207 0 FW14-e044 0
7207 0 FW14-e045 0
7207 0 FW14-e048 0
7207 0 FW14-e049 0
7207 0 FW14-e050 211
7207 0 FW14-e052 341
7207 0 FW14-e055 125
7207 0 FW14-e063 32
7207 0 FW14-e065 32
7207 0 FW14-e066 0
7207 0 FW14-e067 16
7207 0 FW14-e068 0
7207 0 FW14-e070 0
7207 0 FW14-e071 16
7207 0 FW14-e072 0
7207 0 FW14-e075 0
7207 0 FW14-e076 0
7207 0 FW14-e077 0
7207 0 FW14-e078 0
7207 0 FW14-e079 0
7207 0 FW14-e081 0
7207 0 FW14-e082 0
7207 0 FW14-e083 0
7207 0 FW14-e085 0
7207 0 FW14-e086 0
7207 0 FW14-e087 352
7207 0 FW14-e088 434
7207 0 FW14-e089 195
7207 0 FW14-e092 220
7207 0 FW14-e093 70
7207 0 FW14-e095 0
7207 0 FW14-e098 170
7207 0 FW14-e100 32
7207 0 FW14-e101 266
7207 0 FW14-e102 0
7207 0 FW14-e104 195
7207 0 FW14-e106 157
7207 0 FW14-e108 0
7207 0 FW14-e109 141
7207 0 FW14-e110 370
7207 0 FW14-e111 32
7207 0 FW14-e112 0
7207 0 FW14-e113 0
7207 0 FW14-e115 172
7207 0 FW14-e118 0
7207 0 FW14-e119 142
7207 0 FW14-e120 0
7207 0 FW14-e121 157
7207 0 FW14-e123 102
7207 0 FW14-e124 172
7207 0 FW14-e126 16
7207 0 FW14-e128 32
7207 0 FW14-e129 32
7207 0 FW14-e130 47
7207 0 FW14-e131 0
7207 0 FW14-e132 181
7207 0 FW14-e133 0
7207 0 FW14-e134 343
7207 0 FW14-e135 0
7207 0 FW14-e138 0
7207 0 FW14-e139 0
7207 0 FW14-e141 0
7207 0 FW14-e142 0
7207 0 FW14-e143 0
7207 0 FW14-e144 0
7207 0 FW14-e145 0
7207 0 FW14-e146 0
7207 0 FW14-e147 0
7207 0 FW14-e148 0
7207 0 FW14-e152 0
7207 0 FW14-e153 0
7207 0 FW14-e154 16
7207 0 FW14-e156 16
7207 0 FW14-e157 0
7207 0 FW14-e159 0
7207 0 FW14-e160 0
7207 0 FW14-e161 16
7207 0 FW14-e163 0
7207 0 FW14-e164 0
7207 0 FW14-e165 0
7207 0 FW14-e166 0
7207 0 FW14-e167 491
7207 0 FW14-e168 109
7207 0 FW14-e169 16
7207 0 FW14-e170 234
7207 0 FW14-e171 0
7207 0 FW14-e172 16
7207 0 FW14-e175 505
7207 0 FW14-e176 320
7207 0 FW14-e178 172
7207 0 FW14-e179 86
7207 0 FW14-e181 343
7207 0 FW14-e182 250
7207 0 FW14-e184 86
7207 0 FW14-e185 343
7207 0 FW14-e200 489
7211 0 FW14-e001 0
7211 0 FW14-e002 0
7211 0 FW14-e003 102
7211 0 FW14-e007 0
7211 0 FW14-e008 0
7211 0 FW14-e009 0
7211 0 FW14-e010 102
7211 0 FW14-e013 181
7211 0 FW14-e014 0
7211 0 FW14-e015 16
7211 0 FW14-e016 0
7211 0 FW14-e019 0
7211 0 FW14-e021 16
7211 0 FW14-e022 395
7211 0 FW14-e023 686
7211 0 FW14-e026 211
7211 0 FW14-e028 336
7211 0 FW14-e029 288
7211 0 FW14-e030 141
7211 0 FW14-e032 0
7211 0 FW14-e033 170
7211 0 FW14-e034 418
7211 0 FW14-e037 47
7211 0 FW14-e039 0
7211 0 FW14-e041 0
7211 0 FW14-e043 0
7211 0 FW14-e044 0
7211 0 FW14-e045 0
7211 0 FW14-e047 0
7211 0 FW14-e049 0
7211 0 FW14-e050 634
7211 0 FW14-e052 825
7211 0 FW14-e055 172
7211 0 FW14-e063 100
7211 0 FW14-e066 0
7211 0 FW14-e067 0
7211 0 FW14-e070 0
7211 0 FW14-e072 0
7211 0 FW14-e076 0
7211 0 FW14-e077 0
7211 0 FW14-e079 0
7211 0 FW14-e080 0
7211 0 FW14-e081 0
7211 0 FW14-e085 0
7211 0 FW14-e086 0
7211 0 FW14-e087 216
7211 0 FW14-e088 570
7211 0 FW14-e089 100
7211 0 FW14-e092 0
7211 0 FW14-e093 100
7211 0 FW14-e095 0
7211 0 FW14-e100 0
7211 0 FW14-e101 0
7211 0 FW14-e102 0
7211 0 FW14-e106 16
7211 0 FW14-e108 0
7211 0 FW14-e109 0
7211 0 FW14-e110 100
7211 0 FW14-e111 16
7211 0 FW14-e112 0
7211 0 FW14-e113 180
7211 0 FW14-e115 0
7211 0 FW14-e117 0
7211 0 FW14-e118 0
7211 0 FW14-e122 0
7211 0 FW14-e123 16
7211 0 FW14-e124 16
7211 0 FW14-e127 55
7211 0 FW14-e128 63
7211 0 FW14-e129 32
7211 0 FW14-e130 118
7211 0 FW14-e131 0
7211 0 FW14-e132 118
7211 0 FW14-e133 0
7211 0 FW14-e134 109
7211 0 FW14-e140 352
7211 0 FW14-e141 0
7211 0 FW14-e142 0
7211 0 FW14-e143 352
7211 0 FW14-e144 149
7211 0 FW14-e145 274
7211 0 FW14-e146 125
7211 0 FW14-e147 197
7211 0 FW14-e148 172
7211 0 FW14-e152 0
7211 0 FW14-e153 155
7211 0 FW14-e158 16
7211 0 FW14-e164 0
7211 0 FW14-e167 0
7211 0 FW14-e168 0
7211 0 FW14-e169 16
7211 0 FW14-e171 32
7211 0 FW14-e172 0
7211 0 FW14-e174 0
7211 0 FW14-e175 686
7211 0 FW14-e176 305
7211 0 FW14-e178 16
7211 0 FW14-e179 0
7211 0 FW14-e181 0
7211 0 FW14-e182 86
7211 0 FW14-e184 0
7211 0 FW14-e185 32
7211 0 FW14-e200 680
7212 0 FW14-e002 0
7212 0 FW14-e003 0
7212 0 FW14-e005 0
7212 0 FW14-e007 0
7212 0 FW14-e008 0
7212 0 FW14-e009 0
7212 0 FW14-e010 0
7212 0 FW14-e013 0
7212 0 FW14-e014 0
7212 0 FW14-e016 0
7212 0 FW14-e017 0
7212 0 FW14-e019 0
7212 0 FW14-e021 0
7212 0 FW14-e022 272
7212 0 FW14-e023 165
7212 0 FW14-e026 16
7212 0 FW14-e028 32
7212 0 FW14-e029 70
7212 0 FW14-e030 0
7212 0 FW14-e032 0
7212 0 FW14-e033 0
7212 0 FW14-e034 102
7212 0 FW14-e037 0
7212 0 FW14-e039 0
7212 0 FW14-e041 0
7212 0 FW14-e043 0
7212 0 FW14-e044 0
7212 0 FW14-e045 0
7212 0 FW14-e047 0
7212 0 FW14-e049 0
7212 0 FW14-e050 0
7212 0 FW14-e052 179
7212 0 FW14-e055 32
7212 0 FW14-e063 0
7212 0 FW14-e066 0
7212 0 FW14-e067 0
7212 0 FW14-e072 0
7212 0 FW14-e075 0
7212 0 FW14-e076 0
7212 0 FW14-e079 0
7212 0 FW14-e080 0
7212 0 FW14-e081 0
7212 0 FW14-e085 0
7212 0 FW14-e086 0
7212 0 FW14-e087 0
7212 0 FW14-e088 118
7212 0 FW14-e095 0
7212 0 FW14-e098 0
7212 0 FW14-e100 0
7212 0 FW14-e101 0
7212 0 FW14-e102 0
7212 0 FW14-e106 0
7212 0 FW14-e108 0
7212 0 FW14-e109 0
7212 0 FW14-e111 0
7212 0 FW14-e112 0
7212 0 FW14-e113 0
7212 0 FW14-e115 0
7212 0 FW14-e118 0
7212 0 FW14-e123 86
7212 0 FW14-e124 0
7212 0 FW14-e128 0
7212 0 FW14-e129 70
7212 0 FW14-e130 0
7212 0 FW14-e131 0
7212 0 FW14-e132 0
7212 0 FW14-e133 0
7212 0 FW14-e134 0
7212 0 FW14-e140 0
7212 0 FW14-e141 0
7212 0 FW14-e142 0
7212 0 FW14-e143 0
7212 0 FW14-e145 0
7212 0 FW14-e146 0
7212 0 FW14-e148 0
7212 0 FW14-e152 0
7212 0 FW14-e153 0
7212 0 FW14-e158 0
7212 0 FW14-e164 0
7212 0 FW14-e165 0
7212 0 FW14-e166 0
7212 0 FW14-e167 0
7212 0 FW14-e168 0
7212 0 FW14-e169 0
7212 0 FW14-e171 0
7212 0 FW14-e172 0
7212 0 FW14-e174 0
7212 0 FW14-e175 118
7212 0 FW14-e176 257
7212 0 FW14-e179 0
7212 0 FW14-e181 0
7212 0 FW14-e182 0
7212 0 FW14-e184 0
7212 0 FW14-e185 211
7212 0 FW14-e200 118
7215 0 FW14-e002 126
7215 0 FW14-e005 211
7215 0 FW14-e007 181
7215 0 FW14-e010 598
7215 0 FW14-e013 165
7215 0 FW14-e014 118
7215 0 FW14-e015 0
7215 0 FW14-e016 297
7215 0 FW14-e017 188
7215 0 FW14-e018 0
7215 0 FW14-e019 0
7215 0 FW14-e021 165
7215 0 FW14-e022 204
7215 0 FW14-e023 397
7215 0 FW14-e025 0
7215 0 FW14-e026 227
7215 0 FW14-e028 430
7215 0 FW14-e029 259
7215 0 FW14-e030 350
7215 0 FW14-e032 0
7215 0 FW14-e033 188
7215 0 FW14-e034 414
7215 0 FW14-e037 16
7215 0 FW14-e041 0
7215 0 FW14-e043 0
7215 0 FW14-e044 0
7215 0 FW14-e045 0
7215 0 FW14-e047 0
7215 0 FW14-e049 0
7215 0 FW14-e050 391
7215 0 FW14-e052 188
7215 0 FW14-e055 111
7215 0 FW14-e062 218
7215 0 FW14-e063 102
7215 0 FW14-e064 336
7215 0 FW14-e065 0
7215 0 FW14-e066 220
7215 0 FW14-e067 249
7215 0 FW14-e068 47
7215 0 FW14-e070 70
7215 0 FW14-e071 165
7215 0 FW14-e072 95
7215 0 FW14-e075 259
7215 0 FW14-e076 181
7215 0 FW14-e085 0
7215 0 FW14-e086 16
7215 0 FW14-e087 47
7215 0 FW14-e095 0
7215 0 FW14-e098 16
7215 0 FW14-e101 157
7215 0 FW14-e102 0
7215 0 FW14-e104 16
7215 0 FW14-e108 63
7215 0 FW14-e109 16
7215 0 FW14-e110 55
7215 0 FW14-e111 16
7215 0 FW14-e113 0
7215 0 FW14-e115 0
7215 0 FW14-e117 79
7215 0 FW14-e118 16
7215 0 FW14-e122 142
7215 0 FW14-e123 211
7215 0 FW14-e124 126
7215 0 FW14-e127 118
7215 0 FW14-e128 149
7215 0 FW14-e129 55
7215 0 FW14-e130 16
7215 0 FW14-e131 0
7215 0 FW14-e132 149
7215 0 FW14-e133 0
7215 0 FW14-e134 63
7215 0 FW14-e141 0
7215 0 FW14-e144 70
7215 0 FW14-e145 181
7215 0 FW14-e146 0
7215 0 FW14-e147 55
7215 0 FW14-e148 0
7215 0 FW14-e153 47
7215 0 FW14-e154 0
7215 0 FW14-e158 0
7215 0 FW14-e161 0
7215 0 FW14-e164 0
7215 0 FW14-e165 0
7215 0 FW14-e167 0
7215 0 FW14-e168 0
7215 0 FW14-e169 0
7215 0 FW14-e171 0
7215 0 FW14-e172 0
7215 0 FW14-e176 181
7215 0 FW14-e178 134
7215 0 FW14-e179 95
7215 0 FW14-e181 0
7215 0 FW14-e182 0
7215 0 FW14-e184 63
7215 0 FW14-e185 158
7215 0 FW14-e200 297
7216 0 FW14-e001 0
7216 0 FW14-e002 0
7216 0 FW14-e003 0
7216 0 FW14-e004 0
7216 0 FW14-e005 0
7216 0 FW14-e007 0
7216 0 FW14-e008 0
7216 0 FW14-e009 0
7216 0 FW14-e010 0
7216 0 FW14-e012 0
7216 0 FW14-e013 0
7216 0 FW14-e014 0
7216 0 FW14-e015 0
7216 0 FW14-e016 0
7216 0 FW14-e017 0
7216 0 FW14-e018 0
7216 0 FW14-e019 0
7216 0 FW14-e021 16
7216 0 FW14-e022 47
7216 0 FW14-e023 343
7216 0 FW14-e025 0
7216 0 FW14-e026 16
7216 0 FW14-e028 0
7216 0 FW14-e029 0
7216 0 FW14-e030 0
7216 0 FW14-e032 0
7216 0 FW14-e033 0
7216 0 FW14-e034 47
7216 0 FW14-e037 16
7216 0 FW14-e038 0
7216 0 FW14-e039 0
7216 0 FW14-e041 0
7216 0 FW14-e044 0
7216 0 FW14-e045 0
7216 0 FW14-e049 0
7216 0 FW14-e050 289
7216 0 FW14-e052 250
7216 0 FW14-e055 0
7216 0 FW14-e062 55
7216 0 FW14-e063 55
7216 0 FW14-e064 0
7216 0 FW14-e066 70
7216 0 FW14-e067 70
7216 0 FW14-e068 0
7216 0 FW14-e070 16
7216 0 FW14-e071 125
7216 0 FW14-e072 0
7216 0 FW14-e075 0
7216 0 FW14-e076 47
7216 0 FW14-e079 0
7216 0 FW14-e081 0
7216 0 FW14-e086 0
7216 0 FW14-e087 0
7216 0 FW14-e089 0
7216 0 FW14-e092 0
7216 0 FW14-e095 0
7216 0 FW14-e100 0
7216 0 FW14-e101 32
7216 0 FW14-e102 0
7216 0 FW14-e104 16
7216 0 FW14-e106 55
7216 0 FW14-e108 0
7216 0 FW14-e109 0
7216 0 FW14-e110 0
7216 0 FW14-e111 0
7216 0 FW14-e112 0
7216 0 FW14-e113 0
7216 0 FW14-e115 0
7216 0 FW14-e121 0
7216 0 FW14-e123 0
7216 0 FW14-e124 0
7216 0 FW14-e126 0
7216 0 FW14-e127 0
7216 0 FW14-e128 0
7216 0 FW14-e129 0
7216 0 FW14-e130 0
7216 0 FW14-e131 0
7216 0 FW14-e132 0
7216 0 FW14-e134 16
7216 0 FW14-e135 0
7216 0 FW14-e136 0
7216 0 FW14-e137 0
7216 0 FW14-e138 0
7216 0 FW14-e139 0
7216 0 FW14-e142 0
7216 0 FW14-e143 0
7216 0 FW14-e144 0
7216 0 FW14-e145 16
7216 0 FW14-e146 0
7216 0 FW14-e147 0
7216 0 FW14-e148 0
7216 0 FW14-e152 0
7216 0 FW14-e153 16
7216 0 FW14-e154 0
7216 0 FW14-e156 0
7216 0 FW14-e157 16
7216 0 FW14-e160 0
7216 0 FW14-e161 0
7216 0 FW14-e164 0
7216 0 FW14-e165 0
7216 0 FW14-e167 16
7216 0 FW14-e168 0
7216 0 FW14-e169 0
7216 0 FW14-e170 16
7216 0 FW14-e171 0
7216 0 FW14-e172 0
7216 0 FW14-e175 305
7216 0 FW14-e176 32
7216 0 FW14-e178 0
7216 0 FW14-e179 0
7216 0 FW14-e181 0
7216 0 FW14-e182 0
7216 0 FW14-e184 0
7216 0 FW14-e185 141
7216 0 FW14-e200 250
7222 0 FW14-e001 0
7222 0 FW14-e002 0
7222 0 FW14-e003 0
7222 0 FW14-e005 0
7222 0 FW14-e007 0
7222 0 FW14-e008 0
7222 0 FW14-e009 0
7222 0 FW14-e010 0
7222 0 FW14-e013 0
7222 0 FW14-e014 0
7222 0 FW14-e016 0
7222 0 FW14-e017 0
7222 0 FW14-e018 0
7222 0 FW14-e019 0
7222 0 FW14-e021 47
7222 0 FW14-e022 16
7222 0 FW14-e023 125
7222 0 FW14-e024 0
7222 0 FW14-e025 0
7222 0 FW14-e026 0
7222 0 FW14-e028 0
7222 0 FW14-e029 0
7222 0 FW14-e030 0
7222 0 FW14-e032 109
7222 0 FW14-e033 0
7222 0 FW14-e034 70
7222 0 FW14-e037 0
7222 0 FW14-e039 0
7222 0 FW14-e041 0
7222 0 FW14-e044 0
7222 0 FW14-e047 0
7222 0 FW14-e049 0
7222 0 FW14-e050 0
7222 0 FW14-e052 70
7222 0 FW14-e055 0
7222 0 FW14-e062 32
7222 0 FW14-e063 0
7222 0 FW14-e065 0
7222 0 FW14-e066 0
7222 0 FW14-e070 0
7222 0 FW14-e072 0
7222 0 FW14-e076 0
7222 0 FW14-e085 0
7222 0 FW14-e086 0
7222 0 FW14-e087 0
7222 0 FW14-e088 125
7222 0 FW14-e095 0
7222 0 FW14-e100 0
7222 0 FW14-e101 0
7222 0 FW14-e102 0
7222 0 FW14-e106 0
7222 0 FW14-e108 0
7222 0 FW14-e109 0
7222 0 FW14-e113 0
7222 0 FW14-e115 0
7222 0 FW14-e118 0
7222 0 FW14-e121 0
7222 0 FW14-e123 0
7222 0 FW14-e124 0
7222 0 FW14-e127 0
7222 0 FW14-e128 0
7222 0 FW14-e129 0
7222 0 FW14-e130 0
7222 0 FW14-e131 0
7222 0 FW14-e132 0
7222 0 FW14-e133 0
7222 0 FW14-e134 0
7222 0 FW14-e143 0
7222 0 FW14-e144 0
7222 0 FW14-e145 0
7222 0 FW14-e146 0
7222 0 FW14-e147 0
7222 0 FW14-e148 0
7222 0 FW14-e153 0
7222 0 FW14-e154 0
7222 0 FW14-e158 0
7222 0 FW14-e163 0
7222 0 FW14-e164 0
7222 0 FW14-e165 0
7222 0 FW14-e167 0
7222 0 FW14-e168 0
7222 0 FW14-e169 0
7222 0 FW14-e171 0
7222 0 FW14-e172 0
7222 0 FW14-e174 0
7222 0 FW14-e175 125
7222 0 FW14-e176 16
7222 0 FW14-e178 0
7222 0 FW14-e179 0
7222 0 FW14-e181 0
7222 0 FW14-e182 0
7222 0 FW14-e184 16
7222 0 FW14-e185 32
7222 0 FW14-e200 55
7230 0 FW14-e002 0
7230 0 FW14-e005 0
7230 0 FW14-e007 0
7230 0 FW14-e008 0
7230 0 FW14-e009 0
7230 0 FW14-e010 0
7230 0 FW14-e013 0
7230 0 FW14-e014 0
7230 0 FW14-e016 0
7230 0 FW14-e017 0
7230 0 FW14-e018 0
7230 0 FW14-e019 0
7230 0 FW14-e021 0
7230 0 FW14-e022 32
7230 0 FW14-e023 86
7230 0 FW14-e025 0
7230 0 FW14-e026 0
7230 0 FW14-e028 16
7230 0 FW14-e029 0
7230 0 FW14-e030 0
7230 0 FW14-e032 0
7230 0 FW14-e033 0
7230 0 FW14-e034 55
7230 0 FW14-e038 0
7230 0 FW14-e039 0
7230 0 FW14-e041 0
7230 0 FW14-e044 0
7230 0 FW14-e045 0
7230 0 FW14-e049 0
7230 0 FW14-e050 0
7230 0 FW14-e052 32
7230 0 FW14-e055 0
7230 0 FW14-e062 55
7230 0 FW14-e063 0
7230 0 FW14-e066 0
7230 0 FW14-e068 0
7230 0 FW14-e070 0
7230 0 FW14-e071 0
7230 0 FW14-e072 0
7230 0 FW14-e075 0
7230 0 FW14-e076 0
7230 0 FW14-e079 0
7230 0 FW14-e080 0
7230 0 FW14-e081 0
7230 0 FW14-e085 0
7230 0 FW14-e086 0
7230 0 FW14-e087 125
7230 0 FW14-e088 86
7230 0 FW14-e095 0
7230 0 FW14-e098 0
7230 0 FW14-e100 0
7230 0 FW14-e101 0
7230 0 FW14-e102 0
7230 0 FW14-e104 0
7230 0 FW14-e108 0
7230 0 FW14-e109 0
7230 0 FW14-e110 0
7230 0 FW14-e112 0
7230 0 FW14-e113 0
7230 0 FW14-e117 0
7230 0 FW14-e118 0
7230 0 FW14-e119 0
7230 0 FW14-e122 0
7230 0 FW14-e123 109
7230 0 FW14-e124 0
7230 0 FW14-e127 0
7230 0 FW14-e128 0
7230 0 FW14-e129 0
7230 0 FW14-e130 0
7230 0 FW14-e131 0
7230 0 FW14-e132 0
7230 0 FW14-e133 0
7230 0 FW14-e134 55
7230 0 FW14-e137 0
7230 0 FW14-e139 0
7230 0 FW14-e143 16
7230 0 FW14-e144 0
7230 0 FW14-e145 0
7230 0 FW14-e146 0
7230 0 FW14-e148 0
7230 0 FW14-e152 0
7230 0 FW14-e153 0
7230 0 FW14-e154 0
7230 0 FW14-e157 0
7230 0 FW14-e158 0
7230 0 FW14-e161 0
7230 0 FW14-e164 0
7230 0 FW14-e165 0
7230 0 FW14-e166 0
7230 0 FW14-e167 0
7230 0 FW14-e168 0
7230 0 FW14-e170 0
7230 0 FW14-e171 0
7230 0 FW14-e172 0
7230 0 FW14-e173 0
7230 0 FW14-e175 102
7230 0 FW14-e176 0
7230 0 FW14-e178 0
7230 0 FW14-e179 0
7230 0 FW14-e181 0
7230 0 FW14-e182 0
7230 0 FW14-e184 0
7230 0 FW14-e185 0
7230 0 FW14-e200 102
7235 0 FW14-e002 0
7235 0 FW14-e005 0
7235 0 FW14-e009 0
7235 0 FW14-e010 0
7235 0 FW14-e013 0
7235 0 FW14-e014 0
7235 0 FW14-e021 47
7235 0 FW14-e022 163
7235 0 FW14-e023 505
7235 0 FW14-e026 79
7235 0 FW14-e029 0
7235 0 FW14-e030 0
7235 0 FW14-e032 0
7235 0 FW14-e034 0
7235 0 FW14-e041 0
7235 0 FW14-e044 0
7235 0 FW14-e045 0
7235 0 FW14-e047 0
7235 0 FW14-e049 0
7235 0 FW14-e050 0
7235 0 FW14-e052 420
7235 0 FW14-e055 359
7235 0 FW14-e062 157
7235 0 FW14-e063 0
7235 0 FW14-e066 0
7235 0 FW14-e067 0
7235 0 FW14-e071 0
7235 0 FW14-e076 0
7235 0 FW14-e085 0
7235 0 FW14-e086 0
7235 0 FW14-e087 0
7235 0 FW14-e088 311
7235 0 FW14-e095 0
7235 0 FW14-e101 0
7235 0 FW14-e108 0
7235 0 FW14-e109 0
7235 0 FW14-e113 0
7235 0 FW14-e118 0
7235 0 FW14-e122 0
7235 0 FW14-e123 95
7235 0 FW14-e129 0
7235 0 FW14-e130 0
7235 0 FW14-e132 16
7235 0 FW14-e133 0
7235 0 FW14-e134 0
7235 0 FW14-e140 95
7235 0 FW14-e143 126
7235 0 FW14-e146 0
7235 0 FW14-e148 95
7235 0 FW14-e153 16
7235 0 FW14-e158 0
7235 0 FW14-e167 0
7235 0 FW14-e168 16
7235 0 FW14-e171 0
7235 0 FW14-e175 436
7235 0 FW14-e176 147
7235 0 FW14-e179 0
7235 0 FW14-e181 0
7235 0 FW14-e182 186
7235 0 FW14-e184 0
7235 0 FW14-e185 241
7235 0 FW14-e200 566
7236 0 FW14-e004 16
7236 0 FW14-e007 0
7236 0 FW14-e010 47
7236 0 FW14-e013 0
7236 0 FW14-e014 0
7236 0 FW14-e017 16
7236 0 FW14-e022 0
7236 0 FW14-e023 734
7236 0 FW14-e026 0
7236 0 FW14-e029 32
7236 0 FW14-e030 0
7236 0 FW14-e032 0
7236 0 FW14-e033 0
7236 0 FW14-e034 86
7236 0 FW14-e037 0
7236 0 FW14-e039 0
7236 0 FW14-e044 0
7236 0 FW14-e045 0
7236 0 FW14-e049 0
7236 0 FW14-e050 79
7236 0 FW14-e052 618
7236 0 FW14-e055 564
7236 0 FW14-e062 232
7236 0 FW14-e063 0
7236 0 FW14-e066 468
7236 0 FW14-e067 100
7236 0 FW14-e068 109
7236 0 FW14-e070 334
7236 0 FW14-e071 55
7236 0 FW14-e072 211
7236 0 FW14-e075 16
7236 0 FW14-e076 63
7236 0 FW14-e085 0
7236 0 FW14-e088 480
7236 0 FW14-e095 0
7236 0 FW14-e101 16
7236 0 FW14-e109 16
7236 0 FW14-e122 0
7236 0 FW14-e123 0
7236 0 FW14-e124 0
7236 0 FW14-e128 0
7236 0 FW14-e129 400
7236 0 FW14-e131 0
7236 0 FW14-e132 32
7236 0 FW14-e134 0
7236 0 FW14-e137 0
7236 0 FW14-e140 16
7236 0 FW14-e143 0
7236 0 FW14-e148 0
7236 0 FW14-e152 0
7236 0 FW14-e153 0
7236 0 FW14-e176 0
7236 0 FW14-e179 0
7236 0 FW14-e182 0
7236 0 FW14-e185 0
7236 0 FW14-e200 598
7239 0 FW14-e002 0
7239 0 FW14-e003 0
7239 0 FW14-e004 16
7239 0 FW14-e007 55
7239 0 FW14-e008 0
7239 0 FW14-e009 0
7239 0 FW14-e010 125
7239 0 FW14-e013 172
7239 0 FW14-e014 0
7239 0 FW14-e017 118
7239 0 FW14-e021 32
7239 0 FW14-e022 118
7239 0 FW14-e023 472
7239 0 FW14-e026 102
7239 0 FW14-e028 16
7239 0 FW14-e029 55
7239 0 FW14-e030 0
7239 0 FW14-e032 0
7239 0 FW14-e033 16
7239 0 FW14-e034 186
7239 0 FW14-e037 0
7239 0 FW14-e039 0
7239 0 FW14-e041 0
7239 0 FW14-e043 0
7239 0 FW14-e044 0
7239 0 FW14-e045 0
7239 0 FW14-e047 0
7239 0 FW14-e049 0
7239 0 FW14-e050 157
7239 0 FW14-e052 580
7239 0 FW14-e055 266
7239 0 FW14-e062 280
7239 0 FW14-e063 0
7239 0 FW14-e066 0
7239 0 FW14-e072 0
7239 0 FW14-e079 0
7239 0 FW14-e085 0
7239 0 FW14-e086 0
7239 0 FW14-e087 0
7239 0 FW14-e088 405
7239 0 FW14-e095 0
7239 0 FW14-e100 0
7239 0 FW14-e101 0
7239 0 FW14-e102 0
7239 0 FW14-e104 0
7239 0 FW14-e106 55
7239 0 FW14-e108 0
7239 0 FW14-e110 0
7239 0 FW14-e111 0
7239 0 FW14-e112 0
7239 0 FW14-e113 16
7239 0 FW14-e115 0
7239 0 FW14-e117 0
7239 0 FW14-e118 0
7239 0 FW14-e123 102
7239 0 FW14-e124 63
7239 0 FW14-e128 70
7239 0 FW14-e129 0
7239 0 FW14-e130 0
7239 0 FW14-e131 0
7239 0 FW14-e132 70
7239 0 FW14-e134 0
7239 0 FW14-e141 0
7239 0 FW14-e142 0
7239 0 FW14-e143 16
7239 0 FW14-e146 0
7239 0 FW14-e148 0
7239 0 FW14-e153 16
7239 0 FW14-e158 0
7239 0 FW14-e163 0
7239 0 FW14-e164 0
7239 0 FW14-e165 0
7239 0 FW14-e167 0
7239 0 FW14-e168 0
7239 0 FW14-e169 0
7239 0 FW14-e171 0
7239 0 FW14-e172 0
7239 0 FW14-e174 0
7239 0 FW14-e175 459
7239 0 FW14-e176 63
7239 0 FW14-e178 0
7239 0 FW14-e179 16
7239 0 FW14-e181 0
7239 0 FW14-e182 0
7239 0 FW14-e184 0
7239 0 FW14-e185 0
7239 0 FW14-e200 218
7242 0 FW14-e001 0
7242 0 FW14-e002 0
7242 0 FW14-e003 0
7242 0 FW14-e005 16
7242 0 FW14-e007 126
7242 0 FW14-e008 0
7242 0 FW14-e009 0
7242 0 FW14-e010 126
7242 0 FW14-e011 0
7242 0 FW14-e013 0
7242 0 FW14-e014 0
7242 0 FW14-e017 47
7242 0 FW14-e021 164
7242 0 FW14-e022 398
7242 0 FW14-e023 546
7242 0 FW14-e025 0
7242 0 FW14-e026 507
7242 0 FW14-e028 0
7242 0 FW14-e029 0
7242 0 FW14-e030 79
7242 0 FW14-e032 0
7242 0 FW14-e033 0
7242 0 FW14-e034 491
7242 0 FW14-e037 0
7242 0 FW14-e039 0
7242 0 FW14-e041 0
7242 0 FW14-e044 0
7242 0 FW14-e045 0
7242 0 FW14-e049 0
7242 0 FW14-e050 375
7242 0 FW14-e052 289
7242 0 FW14-e055 234
7242 0 FW14-e062 250
7242 0 FW14-e063 0
7242 0 FW14-e066 0
7242 0 FW14-e072 0
7242 0 FW14-e076 16
7242 0 FW14-e086 0
7242 0 FW14-e087 180
7242 0 FW14-e088 437
7242 0 FW14-e095 0
7242 0 FW14-e098 32
7242 0 FW14-e100 0
7242 0 FW14-e101 195
7242 0 FW14-e102 0
7242 0 FW14-e104 55
7242 0 FW14-e106 47
7242 0 FW14-e108 0
7242 0 FW14-e109 32
7242 0 FW14-e110 0
7242 0 FW14-e112 0
7242 0 FW14-e113 0
7242 0 FW14-e114 0
7242 0 FW14-e115 0
7242 0 FW14-e117 0
7242 0 FW14-e118 0
7242 0 FW14-e122 0
7242 0 FW14-e123 32
7242 0 FW14-e124 197
7242 0 FW14-e128 63
7242 0 FW14-e129 197
7242 0 FW14-e130 16
7242 0 FW14-e131 0
7242 0 FW14-e132 142
7242 0 FW14-e133 0
7242 0 FW14-e134 16
7242 0 FW14-e137 0
7242 0 FW14-e140 0
7242 0 FW14-e143 0
7242 0 FW14-e144 0
7242 0 FW14-e145 0
7242 0 FW14-e146 0
7242 0 FW14-e148 0
7242 0 FW14-e153 141
7242 0 FW14-e158 0
7242 0 FW14-e165 0
7242 0 FW14-e167 0
7242 0 FW14-e168 0
7242 0 FW14-e169 0
7242 0 FW14-e171 16
7242 0 FW14-e172 0
7242 0 FW14-e174 16
7242 0 FW14-e175 507
7242 0 FW14-e176 266
7242 0 FW14-e178 0
7242 0 FW14-e179 164
7242 0 FW14-e181 0
7242 0 FW14-e182 55
7242 0 FW14-e184 16
7242 0 FW14-e185 382
7242 0 FW14-e200 453
7249 0 FW14-e010 0
7249 0 FW14-e013 0
7249 0 FW14-e014 0
7249 0 FW14-e019 0
7249 0 FW14-e021 16
7249 0 FW14-e022 141
7249 0 FW14-e023 195
7249 0 FW14-e026 273
7249 0 FW14-e029 0
7249 0 FW14-e032 0
7249 0 FW14-e034 0
7249 0 FW14-e041 0
7249 0 FW14-e043 0
7249 0 FW14-e044 0
7249 0 FW14-e045 0
7249 0 FW14-e047 0
7249 0 FW14-e049 0
7249 0 FW14-e050 55
7249 0 FW14-e052 234
7249 0 FW14-e055 55
7249 0 FW14-e062 55
7249 0 FW14-e063 0
7249 0 FW14-e066 0
7249 0 FW14-e067 0
7249 0 FW14-e071 0
7249 0 FW14-e076 0
7249 0 FW14-e085 0
7249 0 FW14-e086 0
7249 0 FW14-e087 0
7249 0 FW14-e088 157
7249 0 FW14-e095 0
7249 0 FW14-e098 0
7249 0 FW14-e100 0
7249 0 FW14-e102 0
7249 0 FW14-e109 0
7249 0 FW14-e113 0
7249 0 FW14-e118 0
7249 0 FW14-e122 0
7249 0 FW14-e123 382
7249 0 FW14-e128 0
7249 0 FW14-e129 86
7249 0 FW14-e130 195
7249 0 FW14-e132 47
7249 0 FW14-e133 0
7249 0 FW14-e134 0
7249 0 FW14-e136 0
7249 0 FW14-e137 0
7249 0 FW14-e140 0
7249 0 FW14-e141 0
7249 0 FW14-e146 0
7249 0 FW14-e147 0
7249 0 FW14-e148 0
7249 0 FW14-e153 0
7249 0 FW14-e164 0
7249 0 FW14-e165 0
7249 0 FW14-e167 0
7249 0 FW14-e168 0
7249 0 FW14-e169 0
7249 0 FW14-e172 0
7249 0 FW14-e174 86
7249 0 FW14-e175 125
7249 0 FW14-e176 70
7249 0 FW14-e178 164
7249 0 FW14-e179 0
7249 0 FW14-e181 0
7249 0 FW14-e182 102
7249 0 FW14-e184 0
7249 0 FW14-e185 141
7249 0 FW14-e200 70
7250 0 FW14-e002 16
7250 0 FW14-e003 0
7250 0 FW14-e005 0
7250 0 FW14-e007 47
7250 0 FW14-e010 158
7250 0 FW14-e013 134
7250 0 FW14-e014 0
7250 0 FW14-e017 32
7250 0 FW14-e019 0
7250 0 FW14-e021 0
7250 0 FW14-e022 179
7250 0 FW14-e023 682
7250 0 FW14-e026 16
7250 0 FW14-e028 47
7250 0 FW14-e029 0
7250 0 FW14-e030 0
7250 0 FW14-e032 0
7250 0 FW14-e033 55
7250 0 FW14-e034 86
7250 0 FW14-e041 0
7250 0 FW14-e044 0
7250 0 FW14-e045 0
7250 0 FW14-e049 0
7250 0 FW14-e050 16
7250 0 FW14-e052 489
7250 0 FW14-e055 432
7250 0 FW14-e062 134
7250 0 FW14-e063 0
7250 0 FW14-e066 70
7250 0 FW14-e067 132
7250 0 FW14-e068 95
7250 0 FW14-e070 0
7250 0 FW14-e071 32
7250 0 FW14-e072 142
7250 0 FW14-e075 16
7250 0 FW14-e076 0
7250 0 FW14-e086 0
7250 0 FW14-e087 63
7250 0 FW14-e088 528
7250 0 FW14-e095 0
7250 0 FW14-e098 0
7250 0 FW14-e101 0
7250 0 FW14-e102 0
7250 0 FW14-e108 0
7250 0 FW14-e109 0
7250 0 FW14-e110 0
7250 0 FW14-e113 0
7250 0 FW14-e114 0
7250 0 FW14-e117 0
7250 0 FW14-e118 0
7250 0 FW14-e122 126
7250 0 FW14-e123 63
7250 0 FW14-e124 0
7250 0 FW14-e127 16
7250 0 FW14-e128 16
7250 0 FW14-e129 16
7250 0 FW14-e132 118
7250 0 FW14-e133 0
7250 0 FW14-e134 16
7250 0 FW14-e140 16
7250 0 FW14-e141 0
7250 0 FW14-e143 32
7250 0 FW14-e146 0
7250 0 FW14-e147 0
7250 0 FW14-e148 0
7250 0 FW14-e153 100
7250 0 FW14-e158 0
7250 0 FW14-e167 0
7250 0 FW14-e168 0
7250 0 FW14-e176 179
7250 0 FW14-e179 0
7250 0 FW14-e182 179
7250 0 FW14-e184 0
7250 0 FW14-e185 63
7250 0 FW14-e200 605
7252 0 FW14-e013 0
7252 0 FW14-e021 1000
7252 0 FW14-e022 1000
7252 0 FW14-e023 605
7252 0 FW14-e026 157
7252 0 FW14-e029 149
7252 0 FW14-e030 0
7252 0 FW14-e032 0
7252 0 FW14-e034 0
7252 0 FW14-e041 0
7252 0 FW14-e044 0
7252 0 FW14-e045 0
7252 0 FW14-e049 0
7252 0 FW14-e050 343
7252 0 FW14-e052 480
7252 0 FW14-e055 186
7252 0 FW14-e066 0
7252 0 FW14-e085 0
7252 0 FW14-e086 0
7252 0 FW14-e087 32
7252 0 FW14-e095 0
7252 0 FW14-e113 470
7252 0 FW14-e121 432
7252 0 FW14-e123 170
7252 0 FW14-e128 118
7252 0 FW14-e129 47
7252 0 FW14-e130 111
7252 0 FW14-e132 181
7252 0 FW14-e133 0
7252 0 FW14-e134 0
7252 0 FW14-e143 0
7252 0 FW14-e146 0
7252 0 FW14-e148 16
7252 0 FW14-e152 0
7252 0 FW14-e153 0
7252 0 FW14-e158 0
7252 0 FW14-e167 0
7252 0 FW14-e168 0
7252 0 FW14-e172 0
7252 0 FW14-e174 800
7252 0 FW14-e175 398
7252 0 FW14-e176 1000
7252 0 FW14-e179 100
7252 0 FW14-e181 0
7252 0 FW14-e182 100
7252 0 FW14-e185 1000
7252 0 FW14-e200 514
7261 0 FW14-e002 0
7261 0 FW14-e005 0
7261 0 FW14-e010 16
7261 0 FW14-e011 0
7261 0 FW14-e013 0
7261 0 FW14-e017 0
7261 0 FW14-e021 149
7261 0 FW14-e022 382
7261 0 FW14-e023 682
7261 0 FW14-e025 16
7261 0 FW14-e026 313
7261 0 FW14-e028 343
7261 0 FW14-e029 391
7261 0 FW14-e030 125
7261 0 FW14-e032 0
7261 0 FW14-e033 343
7261 0 FW14-e034 511
7261 0 FW14-e037 32
7261 0 FW14-e039 16
7261 0 FW14-e041 0
7261 0 FW14-e044 0
7261 0 FW14-e045 0
7261 0 FW14-e049 0
7261 0 FW14-e050 16
7261 0 FW14-e052 618
7261 0 FW14-e055 325
7261 0 FW14-e063 0
7261 0 FW14-e066 0
7261 0 FW14-e086 0
7261 0 FW14-e087 0
7261 0 FW14-e088 573
7261 0 FW14-e095 0
7261 0 FW14-e098 16
7261 0 FW14-e102 0
7261 0 FW14-e106 16
7261 0 FW14-e109 0
7261 0 FW14-e111 16
7261 0 FW14-e112 0
7261 0 FW14-e113 318
7261 0 FW14-e114 126
7261 0 FW14-e117 0
7261 0 FW14-e118 0
7261 0 FW14-e121 86
7261 0 FW14-e123 172
7261 0 FW14-e124 70
7261 0 FW14-e128 0
7261 0 FW14-e129 149
7261 0 FW14-e130 181
7261 0 FW14-e131 0
7261 0 FW14-e132 391
7261 0 FW14-e133 0
7261 0 FW14-e134 0
7261 0 FW14-e144 55
7261 0 FW14-e145 125
7261 0 FW14-e146 55
7261 0 FW14-e147 55
7261 0 FW14-e148 125
7261 0 FW14-e152 0
7261 0 FW14-e153 249
7261 0 FW14-e157 16
7261 0 FW14-e158 0
7261 0 FW14-e167 0
7261 0 FW14-e168 16
7261 0 FW14-e169 0
7261 0 FW14-e172 0
7261 0 FW14-e176 488
7261 0 FW14-e178 16
7261 0 FW14-e179 0
7261 0 FW14-e181 0
7261 0 FW14-e182 397
7261 0 FW14-e184 0
7261 0 FW14-e185 449
7261 0 FW14-e200 818
7263 0 FW14-e002 0
7263 0 FW14-e003 0
7263 0 FW14-e005 0
7263 0 FW14-e007 0
7263 0 FW14-e009 0
7263 0 FW14-e010 16
7263 0 FW14-e013 0
7263 0 FW14-e014 0
7263 0 FW14-e015 0
7263 0 FW14-e017 0
7263 0 FW14-e021 0
7263 0 FW14-e022 234
7263 0 FW14-e023 434
7263 0 FW14-e026 134
7263 0 FW14-e028 0
7263 0 FW14-e029 32
7263 0 FW14-e030 0
7263 0 FW14-e032 0
7263 0 FW14-e033 0
7263 0 FW14-e034 202
7263 0 FW14-e039 0
7263 0 FW14-e041 0
7263 0 FW14-e043 0
7263 0 FW14-e044 0
7263 0 FW14-e045 0
7263 0 FW14-e049 0
7263 0 FW14-e050 79
7263 0 FW14-e052 411
7263 0 FW14-e055 180
7263 0 FW14-e062 309
7263 0 FW14-e063 47
7263 0 FW14-e064 0
7263 0 FW14-e065 0
7263 0 FW14-e066 157
7263 0 FW14-e067 16
7263 0 FW14-e070 47
7263 0 FW14-e071 47
7263 0 FW14-e072 0
7263 0 FW14-e075 16
7263 0 FW14-e076 55
7263 0 FW14-e081 0
7263 0 FW14-e085 0
7263 0 FW14-e086 0
7263 0 FW14-e087 16
7263 0 FW14-e088 318
7263 0 FW14-e098 0
7263 0 FW14-e102 0
7263 0 FW14-e108 0
7263 0 FW14-e109 0
7263 0 FW14-e114 0
7263 0 FW14-e118 0
7263 0 FW14-e123 0
7263 0 FW14-e124 0
7263 0 FW14-e127 47
7263 0 FW14-e128 0
7263 0 FW14-e129 116
7263 0 FW14-e130 0
7263 0 FW14-e132 32
7263 0 FW14-e133 0
7263 0 FW14-e134 0
7263 0 FW14-e143 63
7263 0 FW14-e146 0
7263 0 FW14-e147 0
7263 0 FW14-e148 0
7263 0 FW14-e153 16
7263 0 FW14-e158 0
7263 0 FW14-e165 0
7263 0 FW14-e167 0
7263 0 FW14-e168 0
7263 0 FW14-e169 0
7263 0 FW14-e170 0
7263 0 FW14-e171 0
7263 0 FW14-e174 0
7263 0 FW14-e176 366
7263 0 FW14-e181 0
7263 0 FW14-e182 250
7263 0 FW14-e184 0
7263 0 FW14-e185 227
7263 0 FW14-e200 470
7265 0 FW14-e001 0
7265 0 FW14-e002 0
7265 0 FW14-e003 0
7265 0 FW14-e005 0
7265 0 FW14-e007 0
7265 0 FW14-e009 0
7265 0 FW14-e010 0
7265 0 FW14-e012 0
7265 0 FW14-e013 0
7265 0 FW14-e014 0
7265 0 FW14-e017 0
7265 0 FW14-e021 0
7265 0 FW14-e022 0
7265 0 FW14-e023 125
7265 0 FW14-e026 125
7265 0 FW14-e028 0
7265 0 FW14-e029 0
7265 0 FW14-e030 0
7265 0 FW14-e032 0
7265 0 FW14-e033 0
7265 0 FW14-e034 55
7265 0 FW14-e036 0
7265 0 FW14-e037 0
7265 0 FW14-e041 0
7265 0 FW14-e043 0
7265 0 FW14-e044 0
7265 0 FW14-e045 0
7265 0 FW14-e047 0
7265 0 FW14-e049 0
7265 0 FW14-e050 109
7265 0 FW14-e052 195
7265 0 FW14-e055 0
7265 0 FW14-e062 55
7265 0 FW14-e063 0
7265 0 FW14-e066 0
7265 0 FW14-e067 0
7265 0 FW14-e070 0
7265 0 FW14-e071 0
7265 0 FW14-e072 0
7265 0 FW14-e076 0
7265 0 FW14-e085 0
7265 0 FW14-e086 0
7265 0 FW14-e087 0
7265 0 FW14-e088 70
7265 0 FW14-e089 0
7265 0 FW14-e092 0
7265 0 FW14-e093 0
7265 0 FW14-e095 0
7265 0 FW14-e098 0
7265 0 FW14-e100 0
7265 0 FW14-e101 0
7265 0 FW14-e102 0
7265 0 FW14-e108 0
7265 0 FW14-e109 0
7265 0 FW14-e112 0
7265 0 FW14-e113 70
7265 0 FW14-e114 55
7265 0 FW14-e115 0
7265 0 FW14-e118 0
7265 0 FW14-e121 70
7265 0 FW14-e122 0
7265 0 FW14-e123 16
7265 0 FW14-e124 0
7265 0 FW14-e128 0
7265 0 FW14-e129 0
7265 0 FW14-e130 109
7265 0 FW14-e131 0
7265 0 FW14-e132 0
7265 0 FW14-e133 0
7265 0 FW14-e134 0
7265 0 FW14-e137 0
7265 0 FW14-e140 0
7265 0 FW14-e141 0
7265 0 FW14-e143 0
7265 0 FW14-e144 0
7265 0 FW14-e145 0
7265 0 FW14-e146 0
7265 0 FW14-e148 0
7265 0 FW14-e153 0
7265 0 FW14-e158 0
7265 0 FW14-e167 0
7265 0 FW14-e168 0
7265 0 FW14-e170 55
7265 0 FW14-e171 0
7265 0 FW14-e175 234
7265 0 FW14-e176 0
7265 0 FW14-e179 0
7265 0 FW14-e181 55
7265 0 FW14-e182 0
7265 0 FW14-e184 0
7265 0 FW14-e185 0
7265 0 FW14-e200 55
7274 0 FW14-e002 0
7274 0 FW14-e005 47
7274 0 FW14-e007 0
7274 0 FW14-e009 0
7274 0 FW14-e010 16
7274 0 FW14-e013 32
7274 0 FW14-e014 0
7274 0 FW14-e017 16
7274 0 FW14-e018 0
7274 0 FW14-e019 0
7274 0 FW14-e020 0
7274 0 FW14-e021 0
7274 0 FW14-e022 274
7274 0 FW14-e023 557
7274 0 FW14-e026 634
7274 0 FW14-e028 134
7274 0 FW14-e029 211
7274 0 FW14-e030 32
7274 0 FW14-e032 0
7274 0 FW14-e033 0
7274 0 FW14-e034 463
7274 0 FW14-e038 0
7274 0 FW14-e039 0
7274 0 FW14-e041 0
7274 0 FW14-e043 0
7274 0 FW14-e044 0
7274 0 FW14-e045 0
7274 0 FW14-e047 0
7274 0 FW14-e049 0
7274 0 FW14-e050 86
7274 0 FW14-e052 263
7274 0 FW14-e055 255
7274 0 FW14-e063 0
7274 0 FW14-e066 0
7274 0 FW14-e082 0
7274 0 FW14-e085 0
7274 0 FW14-e086 0
7274 0 FW14-e087 16
7274 0 FW14-e088 470
7274 0 FW14-e095 0
7274 0 FW14-e098 0
7274 0 FW14-e100 0
7274 0 FW14-e101 0
7274 0 FW14-e102 16
7274 0 FW14-e106 55
7274 0 FW14-e108 0
7274 0 FW14-e109 0
7274 0 FW14-e113 0
7274 0 FW14-e114 0
7274 0 FW14-e118 0
7274 0 FW14-e120 0
7274 0 FW14-e122 0
7274 0 FW14-e123 0
7274 0 FW14-e124 47
7274 0 FW14-e126 0
7274 0 FW14-e128 0
7274 0 FW14-e129 70
7274 0 FW14-e130 47
7274 0 FW14-e132 102
7274 0 FW14-e134 32
7274 0 FW14-e137 0
7274 0 FW14-e140 63
7274 0 FW14-e141 0
7274 0 FW14-e142 0
7274 0 FW14-e143 79
7274 0 FW14-e144 16
7274 0 FW14-e145 125
7274 0 FW14-e146 0
7274 0 FW14-e148 118
7274 0 FW14-e152 0
7274 0 FW14-e153 232
7274 0 FW14-e154 0
7274 0 FW14-e158 0
7274 0 FW14-e161 0
7274 0 FW14-e163 0
7274 0 FW14-e164 0
7274 0 FW14-e165 0
7274 0 FW14-e166 0
7274 0 FW14-e167 0
7274 0 FW14-e168 0
7274 0 FW14-e169 0
7274 0 FW14-e170 0
7274 0 FW14-e171 0
7274 0 FW14-e175 700
7274 0 FW14-e176 266
7274 0 FW14-e178 0
7274 0 FW14-e179 0
7274 0 FW14-e181 0
7274 0 FW14-e182 125
7274 0 FW14-e184 0
7274 0 FW14-e185 0
7274 0 FW14-e200 416
7293 0 FW14-e002 0
7293 0 FW14-e005 0
7293 0 FW14-e007 0
7293 0 FW14-e009 0
7293 0 FW14-e010 0
7293 0 FW14-e013 0
7293 0 FW14-e014 0
7293 0 FW14-e018 0
7293 0 FW14-e021 430
7293 0 FW14-e022 491
7293 0 FW14-e023 537
7293 0 FW14-e026 172
7293 0 FW14-e028 0
7293 0 FW14-e029 0
7293 0 FW14-e030 0
7293 0 FW14-e032 0
7293 0 FW14-e033 16
7293 0 FW14-e034 32
7293 0 FW14-e039 0
7293 0 FW14-e041 0
7293 0 FW14-e044 0
7293 0 FW14-e045 0
7293 0 FW14-e049 0
7293 0 FW14-e050 553
7293 0 FW14-e052 405
7293 0 FW14-e055 375
7293 0 FW14-e062 343
7293 0 FW14-e063 0
7293 0 FW14-e066 16
7293 0 FW14-e067 70
7293 0 FW14-e070 320
7293 0 FW14-e071 289
7293 0 FW14-e072 0
7293 0 FW14-e075 63
7293 0 FW14-e076 305
7293 0 FW14-e080 0
7293 0 FW14-e085 0
7293 0 FW14-e086 343
7293 0 FW14-e087 0
7293 0 FW14-e088 366
7293 0 FW14-e090 0
7293 0 FW14-e095 0
7293 0 FW14-e098 109
7293 0 FW14-e100 0
7293 0 FW14-e101 180
7293 0 FW14-e102 0
7293 0 FW14-e104 0
7293 0 FW14-e106 16
7293 0 FW14-e108 0
7293 0 FW14-e109 47
7293 0 FW14-e110 109
7293 0 FW14-e113 195
7293 0 FW14-e114 32
7293 0 FW14-e115 0
7293 0 FW14-e117 0
7293 0 FW14-e118 0
7293 0 FW14-e123 211
7293 0 FW14-e124 70
7293 0 FW14-e126 16
7293 0 FW14-e127 32
7293 0 FW14-e128 16
7293 0 FW14-e129 0
7293 0 FW14-e130 125
7293 0 FW14-e131 0
7293 0 FW14-e132 491
7293 0 FW14-e133 0
7293 0 FW14-e134 0
7293 0 FW14-e135 352
7293 0 FW14-e136 149
7293 0 FW14-e137 134
7293 0 FW14-e138 453
7293 0 FW14-e139 414
7293 0 FW14-e141 0
7293 0 FW14-e142 0
7293 0 FW14-e143 0
7293 0 FW14-e144 0
7293 0 FW14-e145 0
7293 0 FW14-e146 0
7293 0 FW14-e147 0
7293 0 FW14-e153 86
7293 0 FW14-e154 0
7293 0 FW14-e157 0
7293 0 FW14-e158 0
7293 0 FW14-e164 0
7293 0 FW14-e167 0
7293 0 FW14-e168 0
7293 0 FW14-e169 0
7293 0 FW14-e170 16
7293 0 FW14-e171 32
7293 0 FW14-e175 543
7293 0 FW14-e176 507
7293 0 FW14-e178 204
7293 0 FW14-e179 375
7293 0 FW14-e181 0
7293 0 FW14-e182 375
7293 0 FW14-e184 336
7293 0 FW14-e185 437
7293 0 FW14-e200 582
7299 0 FW14-e002 0
7299 0 FW14-e005 0
7299 0 FW14-e009 0
7299 0 FW14-e010 0
7299 0 FW14-e013 0
7299 0 FW14-e014 0
7299 0 FW14-e019 16
7299 0 FW14-e021 546
7299 0 FW14-e022 773
7299 0 FW14-e023 507
7299 0 FW14-e026 280
7299 0 FW14-e029 0
7299 0 FW14-e030 0
7299 0 FW14-e032 0
7299 0 FW14-e033 0
7299 0 FW14-e034 55
7299 0 FW14-e039 0
7299 0 FW14-e041 0
7299 0 FW14-e043 0
7299 0 FW14-e044 0
7299 0 FW14-e045 0
7299 0 FW14-e047 0
7299 0 FW14-e049 0
7299 0 FW14-e050 16
7299 0 FW14-e052 582
7299 0 FW14-e055 55
7299 0 FW14-e062 211
7299 0 FW14-e063 0
7299 0 FW14-e066 0
7299 0 FW14-e067 0
7299 0 FW14-e071 0
7299 0 FW14-e076 0
7299 0 FW14-e085 0
7299 0 FW14-e086 0
7299 0 FW14-e087 0
7299 0 FW14-e088 382
7299 0 FW14-e090 0
7299 0 FW14-e095 0
7299 0 FW14-e098 55
7299 0 FW14-e101 0
7299 0 FW14-e102 0
7299 0 FW14-e106 0
7299 0 FW14-e109 0
7299 0 FW14-e113 32
7299 0 FW14-e118 0
7299 0 FW14-e123 0
7299 0 FW14-e124 55
7299 0 FW14-e129 218
7299 0 FW14-e130 32
7299 0 FW14-e131 0
7299 0 FW14-e132 102
7299 0 FW14-e133 0
7299 0 FW14-e134 0
7299 0 FW14-e135 0
7299 0 FW14-e136 0
7299 0 FW14-e138 0
7299 0 FW14-e141 0
7299 0 FW14-e144 0
7299 0 FW14-e146 0
7299 0 FW14-e147 0
7299 0 FW14-e148 0
7299 0 FW14-e152 0
7299 0 FW14-e153 55
7299 0 FW14-e158 0
7299 0 FW14-e164 0
7299 0 FW14-e167 0
7299 0 FW14-e168 0
7299 0 FW14-e169 0
7299 0 FW14-e174 0
7299 0 FW14-e176 553
7299 0 FW14-e178 164
7299 0 FW14-e179 273
7299 0 FW14-e181 0
7299 0 FW14-e182 0
7299 0 FW14-e184 125
7299 0 FW14-e185 507
7299 0 FW14-e200 309
7303 0 FW14-e002 0
7303 0 FW14-e005 0
7303 0 FW14-e010 0
7303 0 FW14-e013 0
7303 0 FW14-e014 0
7303 0 FW14-e017 0
7303 0 FW14-e019 0
7303 0 FW14-e021 0
7303 0 FW14-e022 102
7303 0 FW14-e023 259
7303 0 FW14-e026 328
7303 0 FW14-e029 0
7303 0 FW14-e030 0
7303 0 FW14-e032 0
7303 0 FW14-e033 0
7303 0 FW14-e034 16
7303 0 FW14-e039 0
7303 0 FW14-e041 0
7303 0 FW14-e043 0
7303 0 FW14-e044 0
7303 0 FW14-e045 0
7303 0 FW14-e047 0
7303 0 FW14-e049 0
7303 0 FW14-e050 134
7303 0 FW14-e052 297
7303 0 FW14-e055 109
7303 0 FW14-e063 0
7303 0 FW14-e066 16
7303 0 FW14-e067 47
7303 0 FW14-e070 16
7303 0 FW14-e071 0
7303 0 FW14-e072 0
7303 0 FW14-e075 16
7303 0 FW14-e076 32
7303 0 FW14-e085 0
7303 0 FW14-e086 0
7303 0 FW14-e087 0
7303 0 FW14-e088 343
7303 0 FW14-e095 0
7303 0 FW14-e098 0
7303 0 FW14-e101 0
7303 0 FW14-e106 0
7303 0 FW14-e108 0
7303 0 FW14-e109 0
7303 0 FW14-e113 0
7303 0 FW14-e114 0
7303 0 FW14-e118 0
7303 0 FW14-e123 0
7303 0 FW14-e128 55
7303 0 FW14-e129 16
7303 0 FW14-e130 0
7303 0 FW14-e132 32
7303 0 FW14-e133 0
7303 0 FW14-e134 0
7303 0 FW14-e136 0
7303 0 FW14-e138 0
7303 0 FW14-e140 0
7303 0 FW14-e141 0
7303 0 FW14-e143 0
7303 0 FW14-e146 0
7303 0 FW14-e147 0
7303 0 FW14-e148 0
7303 0 FW14-e153 0
7303 0 FW14-e158 0
7303 0 FW14-e164 0
7303 0 FW14-e167 0
7303 0 FW14-e168 0
7303 0 FW14-e169 0
7303 0 FW14-e174 0
7303 0 FW14-e176 118
7303 0 FW14-e179 0
7303 0 FW14-e181 0
7303 0 FW14-e182 95
7303 0 FW14-e184 0
7303 0 FW14-e185 16
7303 0 FW14-e200 398
7307 0 FW14-e002 0
7307 0 FW14-e003 0
7307 0 FW14-e005 32
7307 0 FW14-e007 32
7307 0 FW14-e009 16
7307 0 FW14-e010 0
7307 0 FW14-e013 16
7307 0 FW14-e014 0
7307 0 FW14-e015 0
7307 0 FW14-e017 0
7307 0 FW14-e019 0
7307 0 FW14-e021 70
7307 0 FW14-e022 430
7307 0 FW14-e023 728
7307 0 FW14-e026 141
7307 0 FW14-e028 86
7307 0 FW14-e029 181
7307 0 FW14-e030 47
7307 0 FW14-e032 0
7307 0 FW14-e033 188
7307 0 FW14-e034 434
7307 0 FW14-e037 0
7307 0 FW14-e038 0
7307 0 FW14-e039 0
7307 0 FW14-e041 0
7307 0 FW14-e043 0
7307 0 FW14-e044 0
7307 0 FW14-e045 0
7307 0 FW14-e047 0
7307 0 FW14-e049 0
7307 0 FW14-e050 257
7307 0 FW14-e052 534
7307 0 FW14-e055 350
7307 0 FW14-e062 495
7307 0 FW14-e063 0
7307 0 FW14-e066 0
7307 0 FW14-e067 0
7307 0 FW14-e070 0
7307 0 FW14-e071 0
7307 0 FW14-e072 0
7307 0 FW14-e076 0
7307 0 FW14-e085 0
7307 0 FW14-e086 0
7307 0 FW14-e087 188
7307 0 FW14-e088 618
7307 0 FW14-e092 47
7307 0 FW14-e095 0
7307 0 FW14-e098 109
7307 0 FW14-e100 0
7307 0 FW14-e101 16
7307 0 FW14-e102 32
7307 0 FW14-e106 32
7307 0 FW14-e109 0
7307 0 FW14-e111 0
7307 0 FW14-e112 0
7307 0 FW14-e113 0
7307 0 FW14-e114 0
7307 0 FW14-e117 0
7307 0 FW14-e118 0
7307 0 FW14-e122 158
7307 0 FW14-e123 16
7307 0 FW14-e124 0
7307 0 FW14-e128 86
7307 0 FW14-e129 47
7307 0 FW14-e130 95
7307 0 FW14-e131 0
7307 0 FW14-e132 598
7307 0 FW14-e133 0
7307 0 FW14-e134 141
7307 0 FW14-e136 0
7307 0 FW14-e137 0
7307 0 FW14-e138 0
7307 0 FW14-e140 47
7307 0 FW14-e141 0
7307 0 FW14-e142 0
7307 0 FW14-e143 95
7307 0 FW14-e144 0
7307 0 FW14-e145 32
7307 0 FW14-e146 0
7307 0 FW14-e147 0
7307 0 FW14-e148 16
7307 0 FW14-e153 102
7307 0 FW14-e158 0
7307 0 FW14-e159 0
7307 0 FW14-e163 0
7307 0 FW14-e164 0
7307 0 FW14-e165 0
7307 0 FW14-e166 0
7307 0 FW14-e167 0
7307 0 FW14-e168 0
7307 0 FW14-e170 0
7307 0 FW14-e171 0
7307 0 FW14-e175 682
7307 0 FW14-e176 559
7307 0 FW14-e178 0
7307 0 FW14-e179 0
7307 0 FW14-e181 0
7307 0 FW14-e182 0
7307 0 FW14-e184 0
7307 0 FW14-e185 313
7307 0 FW14-e200 773
7320 0 FW14-e002 0
7320 0 FW14-e005 0
7320 0 FW14-e009 0
7320 0 FW14-e010 0
7320 0 FW14-e011 0
7320 0 FW14-e013 0
7320 0 FW14-e017 0
7320 0 FW14-e019 0
7320 0 FW14-e021 0
7320 0 FW14-e022 118
7320 0 FW14-e023 288
7320 0 FW14-e026 0
7320 0 FW14-e029 0
7320 0 FW14-e030 0
7320 0 FW14-e032 0
7320 0 FW14-e033 0
7320 0 FW14-e034 16
7320 0 FW14-e037 0
7320 0 FW14-e041 0
7320 0 FW14-e043 0
7320 0 FW14-e044 0
7320 0 FW14-e045 0
7320 0 FW14-e047 0
7320 0 FW14-e049 0
7320 0 FW14-e050 125
7320 0 FW14-e052 357
7320 0 FW14-e062 70
7320 0 FW14-e063 0
7320 0 FW14-e066 0
7320 0 FW14-e067 0
7320 0 FW14-e068 0
7320 0 FW14-e070 0
7320 0 FW14-e071 0
7320 0 FW14-e072 0
7320 0 FW14-e076 0
7320 0 FW14-e085 0
7320 0 FW14-e086 0
7320 0 FW14-e087 0
7320 0 FW14-e095 0
7320 0 FW14-e098 0
7320 0 FW14-e100 0
7320 0 FW14-e101 0
7320 0 FW14-e102 0
7320 0 FW14-e106 0
7320 0 FW14-e108 0
7320 0 FW14-e109 0
7320 0 FW14-e113 0
7320 0 FW14-e115 0
7320 0 FW14-e117 0
7320 0 FW14-e118 0
7320 0 FW14-e119 0
7320 0 FW14-e122 0
7320 0 FW14-e123 86
7320 0 FW14-e124 0
7320 0 FW14-e128 16
7320 0 FW14-e129 47
7320 0 FW14-e130 0
7320 0 FW14-e132 63
7320 0 FW14-e133 0
7320 0 FW14-e134 0
7320 0 FW14-e135 0
7320 0 FW14-e136 0
7320 0 FW14-e137 0
7320 0 FW14-e138 0
7320 0 FW14-e139 0
7320 0 FW14-e141 0
7320 0 FW14-e146 0
7320 0 FW14-e147 0
7320 0 FW14-e148 0
7320 0 FW14-e153 32
7320 0 FW14-e158 0
7320 0 FW14-e167 0
7320 0 FW14-e168 0
7320 0 FW14-e169 0
7320 0 FW14-e171 0
7320 0 FW14-e172 0
7320 0 FW14-e174 0
7320 0 FW14-e175 318
7320 0 FW14-e176 102
7320 0 FW14-e179 0
7320 0 FW14-e181 0
7320 0 FW14-e182 118
7320 0 FW14-e184 0
7320 0 FW14-e185 32
7320 0 FW14-e200 343
7326 0 FW14-e001 0
7326 0 FW14-e002 0
7326 0 FW14-e003 0
7326 0 FW14-e005 55
7326 0 FW14-e008 0
7326 0 FW14-e010 0
7326 0 FW14-e013 16
7326 0 FW14-e014 0
7326 0 FW14-e017 0
7326 0 FW14-e021 0
7326 0 FW14-e022 102
7326 0 FW14-e023 141
7326 0 FW14-e026 0
7326 0 FW14-e028 32
7326 0 FW14-e029 47
7326 0 FW14-e030 16
7326 0 FW14-e032 0
7326 0 FW14-e034 55
7326 0 FW14-e039 0
7326 0 FW14-e041 0
7326 0 FW14-e044 0
7326 0 FW14-e045 0
7326 0 FW14-e048 0
7326 0 FW14-e049 0
7326 0 FW14-e050 0
7326 0 FW14-e052 32
7326 0 FW14-e055 55
7326 0 FW14-e066 0
7326 0 FW14-e067 0
7326 0 FW14-e070 0
7326 0 FW14-e072 0
7326 0 FW14-e080 0
7326 0 FW14-e085 0
7326 0 FW14-e086 0
7326 0 FW14-e087 70
7326 0 FW14-e089 0
7326 0 FW14-e092 55
7326 0 FW14-e095 0
7326 0 FW14-e098 32
7326 0 FW14-e100 0
7326 0 FW14-e101 0
7326 0 FW14-e102 0
7326 0 FW14-e104 0
7326 0 FW14-e106 16
7326 0 FW14-e108 0
7326 0 FW14-e109 0
7326 0 FW14-e110 16
7326 0 FW14-e113 0
7326 0 FW14-e115 0
7326 0 FW14-e118 0
7326 0 FW14-e119 0
7326 0 FW14-e121 0
7326 0 FW14-e122 0
7326 0 FW14-e123 0
7326 0 FW14-e124 0
7326 0 FW14-e126 0
7326 0 FW14-e128 0
7326 0 FW14-e129 0
7326 0 FW14-e130 0
7326 0 FW14-e131 0
7326 0 FW14-e132 55
7326 0 FW14-e133 0
7326 0 FW14-e134 0
7326 0 FW14-e135 0
7326 0 FW14-e137 0
7326 0 FW14-e140 32
7326 0 FW14-e143 0
7326 0 FW14-e144 0
7326 0 FW14-e145 70
7326 0 FW14-e146 0
7326 0 FW14-e147 0
7326 0 FW14-e148 32
7326 0 FW14-e152 0
7326 0 FW14-e153 0
7326 0 FW14-e154 0
7326 0 FW14-e164 0
7326 0 FW14-e166 0
7326 0 FW14-e167 16
7326 0 FW14-e168 0
7326 0 FW14-e169 0
7326 0 FW14-e171 0
7326 0 FW14-e172 0
7326 0 FW14-e174 16
7326 0 FW14-e175 55
7326 0 FW14-e176 79
7326 0 FW14-e179 0
7326 0 FW14-e181 0
7326 0 FW14-e182 0
7326 0 FW14-e184 16
7326 0 FW14-e185 32
7326 0 FW14-e200 141
7328 0 FW14-e002 0
7328 0 FW14-e005 0
7328 0 FW14-e009 0
7328 0 FW14-e010 16
7328 0 FW14-e013 0
7328 0 FW14-e014 16
7328 0 FW14-e017 0
7328 0 FW14-e021 16
7328 0 FW14-e022 405
7328 0 FW14-e023 437
7328 0 FW14-e026 0
7328 0 FW14-e029 63
7328 0 FW14-e032 0
7328 0 FW14-e033 0
7328 0 FW14-e034 0
7328 0 FW14-e041 0
7328 0 FW14-e043 0
7328 0 FW14-e044 0
7328 0 FW14-e045 0
7328 0 FW14-e049 0
7328 0 FW14-e050 70
7328 0 FW14-e052 468
7328 0 FW14-e055 86
7328 0 FW14-e062 86
7328 0 FW14-e063 0
7328 0 FW14-e066 0
7328 0 FW14-e067 0
7328 0 FW14-e070 0
7328 0 FW14-e071 70
7328 0 FW14-e072 0
7328 0 FW14-e075 0
7328 0 FW14-e076 70
7328 0 FW14-e085 0
7328 0 FW14-e086 16
7328 0 FW14-e087 0
7328 0 FW14-e088 428
7328 0 FW14-e095 0
7328 0 FW14-e098 0
7328 0 FW14-e101 16
7328 0 FW14-e102 0
7328 0 FW14-e108 0
7328 0 FW14-e109 0
7328 0 FW14-e110 0
7328 0 FW14-e114 16
7328 0 FW14-e115 16
7328 0 FW14-e118 0
7328 0 FW14-e122 0
7328 0 FW14-e123 125
7328 0 FW14-e128 0
7328 0 FW14-e129 47
7328 0 FW14-e130 47
7328 0 FW14-e132 118
7328 0 FW14-e133 0
7328 0 FW14-e134 16
7328 0 FW14-e136 0
7328 0 FW14-e143 165
7328 0 FW14-e144 0
7328 0 FW14-e146 0
7328 0 FW14-e147 16
7328 0 FW14-e148 102
7328 0 FW14-e153 47
7328 0 FW14-e158 0
7328 0 FW14-e167 0
7328 0 FW14-e168 0
7328 0 FW14-e172 0
7328 0 FW14-e174 70
7328 0 FW14-e175 414
7328 0 FW14-e176 195
7328 0 FW14-e178 0
7328 0 FW14-e179 0
7328 0 FW14-e181 0
7328 0 FW14-e182 0
7328 0 FW14-e184 0
7328 0 FW14-e185 450
7328 0 FW14-e200 398
7431 0 FW14-e002 0
7431 0 FW14-e005 0
7431 0 FW14-e010 0
7431 0 FW14-e017 0
7431 0 FW14-e019 0
7431 0 FW14-e021 0
7431 0 FW14-e022 395
7431 0 FW14-e023 263
7431 0 FW14-e026 0
7431 0 FW14-e029 0
7431 0 FW14-e032 0
7431 0 FW14-e041 0
7431 0 FW14-e043 0
7431 0 FW14-e044 0
7431 0 FW14-e045 0
7431 0 FW14-e047 0
7431 0 FW14-e049 0
7431 0 FW14-e052 86
7431 0 FW14-e055 16
7431 0 FW14-e062 0
7431 0 FW14-e066 0
7431 0 FW14-e067 0
7431 0 FW14-e085 0
7431 0 FW14-e086 0
7431 0 FW14-e087 0
7431 0 FW14-e088 525
7431 0 FW14-e095 0
7431 0 FW14-e098 55
7431 0 FW14-e101 573
7431 0 FW14-e104 0
7431 0 FW14-e108 0
7431 0 FW14-e109 86
7431 0 FW14-e118 0
7431 0 FW14-e123 0
7431 0 FW14-e129 0
7431 0 FW14-e130 0
7431 0 FW14-e133 0
7431 0 FW14-e134 0
7431 0 FW14-e146 0
7431 0 FW14-e148 0
7431 0 FW14-e158 0
7431 0 FW14-e167 0
7431 0 FW14-e168 0
7431 0 FW14-e174 0
7431 0 FW14-e175 470
7431 0 FW14-e176 389
7431 0 FW14-e179 0
7431 0 FW14-e182 0
7431 0 FW14-e184 55
7431 0 FW14-e185 125
7431 0 FW14-e200 398
7441 0 FW14-e002 0
7441 0 FW14-e004 0
7441 0 FW14-e009 0
7441 0 FW14-e010 0
7441 0 FW14-e013 0
7441 0 FW14-e014 0
7441 0 FW14-e021 591
7441 0 FW14-e022 734
7441 0 FW14-e023 343
7441 0 FW14-e026 102
7441 0 FW14-e029 0
7441 0 FW14-e032 0
7441 0 FW14-e033 0
7441 0 FW14-e034 16
7441 0 FW14-e041 0
7441 0 FW14-e043 0
7441 0 FW14-e044 0
7441 0 FW14-e047 0
7441 0 FW14-e049 0
7441 0 FW14-e050 263
7441 0 FW14-e052 272
7441 0 FW14-e055 16
7441 0 FW14-e062 157
7441 0 FW14-e066 0
7441 0 FW14-e067 0
7441 0 FW14-e076 0
7441 0 FW14-e085 0
7441 0 FW14-e086 0
7441 0 FW14-e087 0
7441 0 FW14-e088 357
7441 0 FW14-e095 0
7441 0 FW14-e098 0
7441 0 FW14-e101 32
7441 0 FW14-e102 0
7441 0 FW14-e104 0
7441 0 FW14-e108 0
7441 0 FW14-e109 0
7441 0 FW14-e113 16
7441 0 FW14-e118 0
7441 0 FW14-e123 47
7441 0 FW14-e129 0
7441 0 FW14-e130 47
7441 0 FW14-e131 0
7441 0 FW14-e132 55
7441 0 FW14-e133 0
7441 0 FW14-e134 0
7441 0 FW14-e140 0
7441 0 FW14-e141 0
7441 0 FW14-e143 0
7441 0 FW14-e146 0
7441 0 FW14-e148 0
7441 0 FW14-e153 0
7441 0 FW14-e159 63
7441 0 FW14-e161 70
7441 0 FW14-e164 0
7441 0 FW14-e165 63
7441 0 FW14-e167 0
7441 0 FW14-e168 70
7441 0 FW14-e169 0
7441 0 FW14-e170 109
7441 0 FW14-e174 0
7441 0 FW14-e175 163
7441 0 FW14-e176 641
7441 0 FW14-e178 55
7441 0 FW14-e179 250
7441 0 FW14-e182 32
7441 0 FW14-e184 225
7441 0 FW14-e185 398
7441 0 FW14-e200 388
7448 0 FW14-e002 0
7448 0 FW14-e004 0
7448 0 FW14-e005 0
7448 0 FW14-e008 0
7448 0 FW14-e009 0
7448 0 FW14-e010 0
7448 0 FW14-e013 0
7448 0 FW14-e014 0
7448 0 FW14-e017 0
7448 0 FW14-e020 0
7448 0 FW14-e021 55
7448 0 FW14-e022 47
7448 0 FW14-e023 316
7448 0 FW14-e026 70
7448 0 FW14-e029 0
7448 0 FW14-e030 0
7448 0 FW14-e032 0
7448 0 FW14-e033 0
7448 0 FW14-e034 32
7448 0 FW14-e038 0
7448 0 FW14-e039 0
7448 0 FW14-e041 0
7448 0 FW14-e043 0
7448 0 FW14-e044 0
7448 0 FW14-e045 0
7448 0 FW14-e047 0
7448 0 FW14-e049 0
7448 0 FW14-e050 0
7448 0 FW14-e052 441
7448 0 FW14-e055 109
7448 0 FW14-e062 141
7448 0 FW14-e063 0
7448 0 FW14-e066 0
7448 0 FW14-e070 0
7448 0 FW14-e071 0
7448 0 FW14-e072 0
7448 0 FW14-e076 0
7448 0 FW14-e079 0
7448 0 FW14-e085 0
7448 0 FW14-e086 0
7448 0 FW14-e087 0
7448 0 FW14-e088 270
7448 0 FW14-e095 55
7448 0 FW14-e098 0
7448 0 FW14-e100 0
7448 0 FW14-e102 0
7448 0 FW14-e106 0
7448 0 FW14-e108 0
7448 0 FW14-e109 0
7448 0 FW14-e110 0
7448 0 FW14-e112 0
7448 0 FW14-e113 0
7448 0 FW14-e117 0
7448 0 FW14-e118 0
7448 0 FW14-e121 0
7448 0 FW14-e123 32
7448 0 FW14-e124 0
7448 0 FW14-e128 0
7448 0 FW14-e129 0
7448 0 FW14-e130 16
7448 0 FW14-e131 0
7448 0 FW14-e132 0
7448 0 FW14-e133 0
7448 0 FW14-e134 0
7448 0 FW14-e136 0
7448 0 FW14-e137 0
7448 0 FW14-e140 289
7448 0 FW14-e141 250
7448 0 FW14-e143 79
7448 0 FW14-e144 16
7448 0 FW14-e146 0
7448 0 FW14-e147 211
7448 0 FW14-e148 420
7448 0 FW14-e153 0
7448 0 FW14-e154 0
7448 0 FW14-e158 0
7448 0 FW14-e161 0
7448 0 FW14-e163 0
7448 0 FW14-e164 0
7448 0 FW14-e165 0
7448 0 FW14-e166 0
7448 0 FW14-e167 0
7448 0 FW14-e168 0
7448 0 FW14-e170 0
7448 0 FW14-e171 0
7448 0 FW14-e174 0
7448 0 FW14-e175 609
7448 0 FW14-e176 32
7448 0 FW14-e178 0
7448 0 FW14-e179 0
7448 0 FW14-e181 0
7448 0 FW14-e182 0
7448 0 FW14-e184 0
7448 0 FW14-e185 0
7448 0 FW14-e200 318
7486 0 FW14-e002 0
7486 0 FW14-e003 0
7486 0 FW14-e004 0
7486 0 FW14-e007 0
7486 0 FW14-e009 0
7486 0 FW14-e010 0
7486 0 FW14-e013 0
7486 0 FW14-e017 0
7486 0 FW14-e019 0
7486 0 FW14-e021 0
7486 0 FW14-e022 102
7486 0 FW14-e023 566
7486 0 FW14-e026 47
7486 0 FW14-e029 0
7486 0 FW14-e030 0
7486 0 FW14-e032 0
7486 0 FW14-e033 0
7486 0 FW14-e034 0
7486 0 FW14-e039 0
7486 0 FW14-e041 0
7486 0 FW14-e043 0
7486 0 FW14-e044 0
7486 0 FW14-e045 0
7486 0 FW14-e047 16
7486 0 FW14-e049 0
7486 0 FW14-e050 343
7486 0 FW14-e052 611
7486 0 FW14-e055 132
7486 0 FW14-e062 170
7486 0 FW14-e063 0
7486 0 FW14-e066 0
7486 0 FW14-e067 16
7486 0 FW14-e070 0
7486 0 FW14-e071 0
7486 0 FW14-e072 0
7486 0 FW14-e076 0
7486 0 FW14-e085 0
7486 0 FW14-e086 102
7486 0 FW14-e087 0
7486 0 FW14-e090 0
7486 0 FW14-e095 0
7486 0 FW14-e098 0
7486 0 FW14-e102 0
7486 0 FW14-e108 0
7486 0 FW14-e109 16
7486 0 FW14-e110 0
7486 0 FW14-e111 0
7486 0 FW14-e112 0
7486 0 FW14-e113 0
7486 0 FW14-e115 0
7486 0 FW14-e117 0
7486 0 FW14-e118 0
7486 0 FW14-e123 70
7486 0 FW14-e124 0
7486 0 FW14-e126 0
7486 0 FW14-e128 0
7486 0 FW14-e129 0
7486 0 FW14-e130 63
7486 0 FW14-e131 0
7486 0 FW14-e132 225
7486 0 FW14-e133 0
7486 0 FW14-e134 0
7486 0 FW14-e136 0
7486 0 FW14-e141 0
7486 0 FW14-e143 95
7486 0 FW14-e146 47
7486 0 FW14-e147 158
7486 0 FW14-e148 0
7486 0 FW14-e153 132
7486 0 FW14-e158 47
7486 0 FW14-e159 0
7486 0 FW14-e163 0
7486 0 FW14-e164 0
7486 0 FW14-e165 0
7486 0 FW14-e166 0
7486 0 FW14-e167 95
7486 0 FW14-e168 32
7486 0 FW14-e169 0
7486 0 FW14-e170 0
7486 0 FW14-e171 0
7486 0 FW14-e172 0
7486 0 FW14-e174 147
7486 0 FW14-e175 495
7486 0 FW14-e176 47
7486 0 FW14-e179 0
7486 0 FW14-e181 32
7486 0 FW14-e182 32
7486 0 FW14-e184 0
7486 0 FW14-e185 63
7486 0 FW14-e200 566
7491 0 FW14-e002 0
7491 0 FW14-e003 0
7491 0 FW14-e004 0
7491 0 FW14-e005 0
7491 0 FW14-e010 0
7491 0 FW14-e013 0
7491 0 FW14-e021 47
7491 0 FW14-e022 134
7491 0 FW14-e023 637
7491 0 FW14-e026 209
7491 0 FW14-e029 0
7491 0 FW14-e030 0
7491 0 FW14-e033 16
7491 0 FW14-e034 32
7491 0 FW14-e041 0
7491 0 FW14-e043 0
7491 0 FW14-e044 0
7491 0 FW14-e045 0
7491 0 FW14-e047 0
7491 0 FW14-e049 0
7491 0 FW14-e050 141
7491 0 FW14-e052 628
7491 0 FW14-e055 109
7491 0 FW14-e062 543
7491 0 FW14-e063 0
7491 0 FW14-e066 0
7491 0 FW14-e070 0
7491 0 FW14-e071 0
7491 0 FW14-e080 0
7491 0 FW14-e085 0
7491 0 FW14-e086 0
7491 0 FW14-e087 0
7491 0 FW14-e088 489
7491 0 FW14-e095 0
7491 0 FW14-e101 0
7491 0 FW14-e102 0
7491 0 FW14-e108 0
7491 0 FW14-e109 0
7491 0 FW14-e113 0
7491 0 FW14-e118 0
7491 0 FW14-e122 0
7491 0 FW14-e123 202
7491 0 FW14-e128 16
7491 0 FW14-e129 95
7491 0 FW14-e130 16
7491 0 FW14-e131 16
7491 0 FW14-e132 95
7491 0 FW14-e133 0
7491 0 FW14-e134 16
7491 0 FW14-e140 0
7491 0 FW14-e141 0
7491 0 FW14-e143 0
7491 0 FW14-e146 0
7491 0 FW14-e148 0
7491 0 FW14-e153 79
7491 0 FW14-e157 0
7491 0 FW14-e158 0
7491 0 FW14-e167 0
7491 0 FW14-e168 0
7491 0 FW14-e169 32
7491 0 FW14-e171 0
7491 0 FW14-e172 0
7491 0 FW14-e176 118
7491 0 FW14-e179 0
7491 0 FW14-e182 70
7491 0 FW14-e184 0
7491 0 FW14-e185 95
7491 0 FW14-e200 566
7501 0 FW14-e002 0
7501 0 FW14-e005 0
7501 0 FW14-e013 0
7501 0 FW14-e021 0
7501 0 FW14-e022 164
7501 0 FW14-e023 164
7501 0 FW14-e026 0
7501 0 FW14-e029 0
7501 0 FW14-e030 0
7501 0 FW14-e032 0
7501 0 FW14-e039 0
7501 0 FW14-e044 0
7501 0 FW14-e045 0
7501 0 FW14-e049 0
7501 0 FW14-e052 218
7501 0 FW14-e055 55
7501 0 FW14-e062 0
7501 0 FW14-e066 0
7501 0 FW14-e085 0
7501 0 FW14-e086 0
7501 0 FW14-e087 0
7501 0 FW14-e095 0
7501 0 FW14-e123 0
7501 0 FW14-e129 0
7501 0 FW14-e130 0
7501 0 FW14-e132 0
7501 0 FW14-e134 0
7501 0 FW14-e140 0
7501 0 FW14-e143 0
7501 0 FW14-e146 0
7501 0 FW14-e148 0
7501 0 FW14-e168 0
7501 0 FW14-e169 0
7501 0 FW14-e174 0
7501 0 FW14-e176 273
7501 0 FW14-e179 0
7501 0 FW14-e181 0
7501 0 FW14-e182 164
7501 0 FW14-e185 55
7501 0 FW14-e200 0
